1.3767531388599012,0.7398253676302888,1.0
0.3294391728758159,0.5007383366966521,0.0
1.7315106476766415,0.4489312058003737,1.0
1.1031693440893418,0.2613453041695446,1.0
0.9699489968644488,0.36583463949713524,0.0
1.4038624664104167,0.7712350350783278,1.0
1.4497839180704057,0.6278426319239724,0.0
0.5379578550643043,0.4514481747025162,0.0
1.415340866997852,0.8717507261270409,1.0
1.176640669091182,0.3821341978884153,0.0
1.5751650427590496,0.31165492375950865,1.0
0.7077573954278666,0.7888772570990805,1.0
0.4988733577557303,0.10763359049016952,1.0
0.732443642834592,0.3886356627390034,0.0
0.17727414339953662,0.8788821561198673,0.0
0.9845369326131903,0.16050550080519954,0.0
1.7709754860486335,0.07953938589951226,1.0
0.17000283924678894,0.030678988801679297,1.0
1.1833413205793044,0.15489308151800352,0.0
1.58533867824334,0.40335668506094413,1.0
1.2439258310344126,0.16854726061418068,0.0
1.7447315206446685,0.2350539531586,0.0
0.26956746006693266,0.5938675302741715,1.0
0.216453327856029,0.7547711287336241,0.0
0.7092189150155215,0.5742159017721845,0.0
0.7611008765613347,0.8666524718702577,0.0
0.158574177886728,0.8804650665226361,0.0
1.5474948016352201,0.41337651380551244,1.0
0.8950142225554285,0.6332745522292064,1.0
0.06398968900444846,0.3197990972008483,1.0
0.5381894805659924,0.6700846708704623,0.0
0.9435894117303314,0.9073948951066837,1.0
0.41774422438825165,0.3400044543162708,0.0
0.41451116669651067,0.7967908846552431,0.0
0.572726870911747,0.05637666644698802,1.0
1.8487134024485283,0.7445785793890422,1.0
1.2561343506949785,0.5299582760321558,1.0
0.30334642776758813,0.6732797862832837,0.0
0.7572881898695316,0.5740684779191128,0.0
1.3935135105634617,0.2183091153873976,0.0
1.6474293073865032,0.9759279662126099,0.0
1.9022130872698275,0.11710664794324421,1.0
1.7128488596313396,0.20634021678106929,1.0
1.5851543628637537,0.5228575132179768,1.0
0.10388024507620573,0.24080631583048617,1.0
0.8705845321356582,0.23766999925646948,0.0
1.2662116423169991,0.9059587100140053,1.0
0.750793512838154,0.8756923032671198,0.0
1.4959711133661056,0.23777302573545311,1.0
0.054455957590760384,0.8212071927639617,0.0
0.32688123449370665,0.6720295384374558,1.0
1.0235578625913637,0.5900924561447086,1.0
1.8519059622009126,0.29962452888347857,1.0
1.28423289981877,0.8668487622009352,1.0
1.6318852141029725,0.6024768785245848,1.0
0.2709651452377049,0.7308401870641695,0.0
1.2492147628047408,0.9889188361340476,1.0
1.0343706887252684,0.03398461294880806,1.0
0.4989605361457492,0.05396133848220097,1.0
0.22710730904086196,0.8419867196030558,0.0
1.8734038894562237,0.15743697613862573,1.0
1.2565214354947813,0.7691838889026068,1.0
0.31858972776437033,0.5404578731276204,0.0
0.7249949987054813,0.14681287079359973,0.0
0.9399569101662939,0.9197809716013217,1.0
0.36724246653892023,0.6354415761831922,0.0
0.7599761189515404,0.20728424896964437,0.0
0.539375539473004,0.4474067148808262,0.0
0.1786185034127561,0.4156671862033523,0.0
0.018463122443643343,0.40147509410786675,0.0
1.560079819453768,0.7522406965763401,0.0
1.04209738119586,0.30987161031687604,0.0
1.3280837924424727,0.5427923693450548,1.0
0.7381818654500523,0.5994344897608845,1.0
1.5313955705157491,0.2529796674874748,0.0
0.08023760314081096,0.04740305070964379,1.0
0.8115563273616038,0.26714807152858666,0.0
0.17595233050590742,0.8991430809644462,1.0
1.5388654821419212,0.5960615990839043,0.0
1.5140332506803322,0.5874695167499437,1.0
1.787125789438801,0.6166988076196722,1.0
1.2251101071974653,0.9889757297380262,1.0
1.1265829138077663,0.891244357605386,0.0
1.2234968452939783,0.2657825046504053,0.0
1.2357190275752183,0.2796479424068181,0.0
0.24175385802206084,0.08857873687509965,0.0
0.48073804877018356,0.20834048442338782,1.0
0.26733961446429566,0.3992395055749315,0.0
1.4054127068751803,0.9334598924624951,0.0
0.7882205540746137,0.7743408332534907,0.0
1.7191260954320664,0.9942110561435192,0.0
1.8491006098239313,0.7422708447408967,1.0
0.7422580857138583,0.12718073530818252,0.0
0.519418220469418,0.28552189294335173,1.0
0.827655525407955,0.36274227924858915,0.0
1.5717189188449767,0.1628300011022834,1.0
0.7588926037734518,0.5520843179421352,0.0
1.805725241216945,0.9989920658743247,0.0
1.6457496155611055,0.12210972154156174,0.0
0.6473482293201553,0.12116188787963578,1.0
0.2830780301842306,0.5692152535599058,0.0
0.48305671541460815,0.42441366708626505,0.0
1.8885306906409007,0.17704109480690078,0.0
0.7481727518807832,0.7686610363447044,0.0
1.2830028343063886,0.39586376704612325,1.0
0.128571990129712,0.43523253679015017,0.0
0.4988339594590778,0.45268899723933886,1.0
1.6828940980653577,0.23197437218546646,0.0
1.9725663288435542,0.12760056542033138,1.0
0.22993653580520745,0.7842913143322817,0.0
1.2238287670308852,0.3978673408669511,1.0
0.7924537870763608,0.6772469245541256,1.0
0.9107312493597082,0.08234999887352645,0.0
1.5391950640314944,0.6138525574951457,0.0
1.69523366111722,0.8615327060834702,1.0
1.1903903763280732,0.4662501448421553,1.0
1.3422318855380846,0.4132400096063321,0.0
0.9802281864348619,0.19329562841371628,0.0
1.2400461575835884,0.13510869171826512,0.0
1.2907603435081465,0.2715633105587548,0.0
0.3508171226598813,0.8894205477896121,0.0
0.06635397307378033,0.007893566000383156,1.0
1.5827193724069282,0.4565197404866367,1.0
1.7386454751276559,0.9898892465964462,0.0
0.03408715216170943,0.3137643464156181,1.0
0.9597592157714094,0.7774452504113408,1.0
1.129226526830961,0.4503566400677963,1.0
0.16421400324520793,0.7125152108171439,0.0
0.7415899335230083,0.2643974246299402,0.0
0.14884121923851512,0.3355381737861195,0.0
0.5329693168860177,0.2643320869622068,0.0
1.1479570056512372,0.32873414120351274,0.0
0.3409188947927222,0.5301118509756731,0.0
0.8332103583683577,0.5855740693258641,0.0
0.5741547751255454,0.13682586765221416,1.0
0.8617675577723563,0.0413103496906988,0.0
1.7648260971145961,0.7350089322150062,1.0
1.0529853687507897,0.422186076762356,1.0
1.5003922169256918,0.9450018121011242,0.0
1.7222939231392949,0.46396911082990633,1.0
1.1158096199845557,0.40901586621605257,0.0
0.9337027980772556,0.5465844163668364,0.0
1.8580217026369557,0.04136078484435313,1.0
0.48092924882662547,0.4436684941496807,0.0
0.8571588898020892,0.9202716065255948,1.0
1.8792378953420767,0.439361939072628,1.0
1.944884665794806,0.7928051792073494,0.0
0.7467951501119816,0.4591171918513005,0.0
1.0047582551956844,0.4621013740166451,0.0
1.004321896297628,0.8254137510938329,1.0
0.10913342879575771,0.6380849122441226,0.0
0.9219331067126,0.9756298193802005,0.0
0.5884301768023912,0.8588732798411522,1.0
1.9314156763668733,0.08996202916945084,1.0
1.6387998625433065,0.22758299730029152,1.0
0.2908658526592143,0.6575331906027445,0.0
0.593231361758185,0.004206360683555066,1.0
0.36627546450440973,0.44649345366923043,0.0
0.0015094837340829947,0.7453695615006913,1.0
0.19919776036631798,0.25025706644647716,1.0
0.34336527988101895,0.2955581718431326,0.0
1.6859095147328562,0.3290059493472345,1.0
1.1895404920962223,0.739724875619951,1.0
0.9380730757877607,0.05748668220056441,1.0
1.9870688811379758,0.3975890414264245,1.0
0.6070809211579374,0.7253512483760425,0.0
0.1798717959839713,0.29208578657902196,1.0
1.5873952076061468,0.5703192064353102,1.0
0.9354754129767908,0.669446074035244,1.0
0.1593204307534426,0.7988779632102574,0.0
1.3162305846939144,0.4669492232042536,1.0
0.059924239215204844,0.9623987926137129,0.0
1.8822691919234038,0.5568534230974068,1.0
0.4872336000008728,0.048470130061134764,1.0
1.782390477044924,0.7606368668774133,0.0
0.8129734886918352,0.3004220777297467,0.0
0.4458517389822265,0.4708580164778926,1.0
1.6274753988247619,0.4435270492756659,1.0
1.0740320504004666,0.6732089571344972,1.0
0.8849797962536887,0.09156662140632721,0.0
1.3387306404219148,0.9399865979290692,0.0
0.28878664383359887,0.12035970750389591,1.0
1.6714044353294306,0.5073660607045989,1.0
0.5568870954609393,0.06655639258294377,1.0
1.5047647603298788,0.7888654500847584,1.0
0.3618141539433879,0.10663255353723833,0.0
1.846687220171021,0.3197677277741312,0.0
0.5347513930422443,0.273458346174578,0.0
1.628535997111446,0.5172442759394772,1.0
1.9871495036570845,0.7811085723724532,0.0
0.8373040825449103,0.8969316417743324,1.0
0.9731938787246115,0.8860451386621356,1.0
0.8987219709704599,0.5023804154703537,0.0
0.49585941491146146,0.762292927523004,0.0
0.0984204014341572,0.7036313393795199,0.0
1.6446267192659105,0.8606058638450216,0.0
0.2767745685769385,0.43737748760994444,0.0
0.32242901116096756,0.7632255201883827,0.0
1.7408033382063317,0.37688568828961044,0.0
0.8166875239652605,0.11111203873016762,0.0
0.9288909706970092,0.10290795555721022,1.0
0.3995363382491153,0.052770456217625106,1.0
1.9156152877379249,0.23527678174105815,0.0
1.9288625659367327,0.7447589404044327,1.0
0.19529691005558147,0.38649868402103815,1.0
0.6656692395455488,0.5214495925015851,0.0
0.11840229175968543,0.6671220892646038,0.0
0.9002795763875104,0.35346353319661694,0.0
0.33969520374991635,0.03602913299216948,1.0
0.8419224362382862,0.821075679125518,0.0
1.7066950364778146,0.21263738271966937,1.0
0.5168507482833509,0.8602900424707278,0.0
0.8466871212169447,0.9239846540714669,1.0
0.5550986883255269,0.5334079128007105,1.0
1.2276594532924587,0.6928322350748142,1.0
0.5596265627458203,0.4977923033145728,0.0
0.7030654760452753,0.3920275539896707,0.0
1.2966715747857374,0.8577819809192897,1.0
1.6795578124615893,0.5607750197804383,1.0
1.2761317278604216,0.3598304686744277,1.0
0.8533218205725426,0.5613526634125289,1.0
1.1177350734199794,0.4181382856294409,0.0
1.4556926621006698,0.9219420037279559,0.0
0.3437259538908648,0.6312441023794,0.0
1.1548296312930995,0.22057318056865027,0.0
0.05135898462238053,0.2274387812782781,0.0
1.4897834874663243,0.6943735504260541,1.0
1.3352641198113944,0.7531270239054242,1.0
0.6290914041145732,0.010848050326206282,1.0
1.0674172771871246,0.3409297066025314,0.0
0.7349817689570164,0.6894730710349318,1.0
1.0622901275324215,0.9166483505897378,1.0
1.8530232440931678,0.6857739792253579,1.0
1.1968429803919607,0.37449066883402915,0.0
0.4001664713285591,0.5657099994363667,0.0
1.4737151756030404,0.7117275425521907,1.0
0.2921835658287222,0.09317464711968282,1.0
0.010331048835059864,0.4099483615675815,1.0
0.24967458988709157,0.9670400645148185,0.0
0.7178818399260858,0.6378148528088805,0.0
0.3965520123726076,0.09144396834154289,1.0
0.3390634043406442,0.14346029279794192,1.0
1.9287056507087796,0.26537679835113936,1.0
0.9016892324010586,0.5578507265997109,0.0
1.4831793272882572,0.18219310236894048,1.0
0.48879790908960774,0.9086778092979185,0.0
1.2367064165064556,0.7574355339356312,1.0
0.9406992574431408,0.8394230167882436,1.0
0.07936153569932136,0.14125841787515825,0.0
0.5531026577659826,0.16834209755731155,1.0
1.0811771096608451,0.9599148611308583,0.0
0.04468564445720125,0.7696019825445357,0.0
0.8992168986275677,0.5713827347082833,1.0
1.8135390772312996,0.7285321847764177,1.0
0.7334529377525665,0.5696219364362404,0.0
0.20611477432771408,0.2028039853660073,0.0
0.6205913859830392,0.34080753461316404,0.0
0.3891828374902022,0.38116257862728276,1.0
0.11041664101001492,0.14093171379370917,1.0
0.8589121845733043,0.28432842574813655,0.0
0.6215288766249527,0.9325737027221096,0.0
0.45701301583788156,0.14609675276457468,1.0
0.49450388516477717,0.8682393518221623,0.0
0.2727978834532314,0.7155456793741638,0.0
0.829699944621437,0.38610720902154405,0.0
1.1454881654138194,0.9878473347041603,1.0
1.89974388397313,0.3227900588839182,1.0
0.277182763829648,0.17790017641390798,0.0
0.5313525457918087,0.2782981171110628,0.0
1.2289215915124982,0.3598429439025592,0.0
0.21610063129793988,0.10749553214338559,1.0
1.5468621594886858,0.8088243924996588,1.0
0.0012661705315806238,0.011164671117246505,0.0
0.7744077149114423,0.8913816707933881,0.0
1.4401995662706373,0.7309097073917008,1.0
1.0544378365550646,0.8500019915339564,1.0
1.4131669347324898,0.8858147433957234,1.0
1.7738609511070098,0.9725613049154157,0.0
1.3338426737975664,0.3190748107870329,0.0
0.9191259624237835,0.3303003313870747,0.0
1.794681890950561,0.42693837166270276,1.0
1.6427569746604593,0.4803066763339383,1.0
0.7139661434624731,0.8046632098956668,1.0
0.2435396252844635,0.7885758636618252,0.0
0.5862438934959604,0.7298632854368756,0.0
0.03682260983089102,0.08023353455051707,1.0
1.281094252277164,0.7016653338944328,1.0
0.4863022999989559,0.6584832768875982,0.0
1.3142999545695888,0.5563798001691992,0.0
1.766191784508893,0.028423532188092016,1.0
1.3946588411282195,0.32198268556319887,0.0
0.35389204421308795,0.4996861912700208,0.0
0.2814430760796307,0.017953314166937573,1.0
0.499728758456649,0.11240522749083737,1.0
0.7796444949009673,0.35058206811811043,0.0
0.3708410450697448,0.5897820759561616,0.0
1.6024684386614425,0.29602775976209594,1.0
0.1511945155956873,0.20623670543419992,1.0
0.6542026917949277,0.3881117351901503,0.0
1.4048913927819413,0.2635117374101932,0.0
0.1605442898407361,0.21477287474496154,0.0
1.9642120578379065,0.6779951883302884,1.0
0.7555382360093492,0.567666063032824,0.0
0.24924303718669985,0.8392683855737221,0.0
0.8460679684155716,0.2427697420293129,0.0
1.0051609693918255,0.6691392415559755,1.0
0.6470339907330511,0.09737453928845141,0.0
1.318229464953025,0.933788740732831,1.0
0.8883026753460128,0.4001624180525972,0.0
0.4200267425649886,0.2476813613345319,0.0
0.45319439498968106,0.9953799912053345,0.0
0.1410085021231966,0.5075389647880831,1.0
1.6156252162417635,0.5141256588679524,0.0
1.9966003531286536,0.8140799129080271,1.0
0.4125056601240773,0.3220802024527867,0.0
1.8590191676836425,0.4311304648101537,1.0
1.8598191527468018,0.7292511241780434,1.0
1.8467600699316589,0.848278710689783,0.0
0.7231958231312434,0.38927837336745463,0.0
1.0178294054464723,0.6496027257207337,1.0
1.2210677547848887,0.05784860404069292,1.0
0.8864359887082498,0.6922913361262861,0.0
1.7232949126195496,0.4688686314108059,1.0
0.10166410297021877,0.04488746492322315,1.0
1.8105902517608838,0.9143700625575051,0.0
0.5469116550201139,0.2411893987323146,1.0
0.6379853105137185,0.9888040580893459,1.0
0.2911823096571948,0.9046258838435502,0.0
1.557721977862842,0.2549772082814282,0.0
1.7356973245513687,0.9786431145064525,0.0
1.6435952563484346,0.2895406084151174,1.0
0.07527120846251646,0.9216946429557247,0.0
0.8980913741051291,0.41664905584804146,1.0
1.7246693506437458,0.5001213083509543,1.0
0.6496316183107573,0.8004389633038521,0.0
0.26171658116450014,0.41900545552077595,0.0
0.7612401292930837,0.8002830626181248,1.0
0.08930795321518391,0.7603391390421705,0.0
1.2225299343808924,0.09573308604825104,0.0
1.0860837163337709,0.12132830418056595,0.0
0.21984208310020104,0.06824184912259912,1.0
0.9347344778280109,0.41964597138715254,0.0
0.7058049974917939,0.413097744771067,1.0
1.0528725328136095,0.6509997237396392,0.0
1.5763673750844727,0.3437378446618904,1.0
1.386432542524294,0.7952181066665847,1.0
0.5866922354977777,0.8710924929090366,0.0
1.630973388498399,0.7964823005144568,1.0
0.7757006513967957,0.7061085389027106,1.0
0.6704196209180922,0.5958089940377631,0.0
1.2094409921900828,0.8957078773163171,0.0
1.4184957786776433,0.6408208659961578,1.0
1.416240076214263,0.3818580140847906,1.0
0.95499662606585,0.4988177643431456,0.0
1.410490248065463,0.8146757418195141,1.0
1.8682668321997329,0.05655623139497912,1.0
0.7130019186244456,0.6126428089468161,0.0
1.6500030585723386,0.1943199000733299,1.0
1.1094580555390805,0.9566258741239836,0.0
1.4869510403803874,0.07681738053897069,1.0
0.7637719668448548,0.772069943347123,1.0
0.1978752292484598,0.2946946881951089,1.0
0.7994682006512037,0.9367402282170767,1.0
1.6817447441074527,0.9233029154910224,0.0
0.04626556615270272,0.8987854221681154,0.0
0.8521827557729451,0.5331059710145171,1.0
0.9981617519596783,0.3900234909745345,0.0
0.45435062416493155,0.4826476910196843,0.0
1.0217987813420515,0.9570199669462937,0.0
1.8587633866904498,0.47311037643523,1.0
1.442232776373624,0.5912900826559818,1.0
1.722863658662023,0.49451732412489313,1.0
0.6368072541715051,0.7037827586449733,0.0
1.8818639029983488,0.303785797586257,0.0
0.6553653562158606,0.5649248789007179,0.0
1.6459364805783245,0.7063176912172873,1.0
1.0889156160544213,0.7295412327053141,1.0
1.1485074813709528,0.6437994372400897,0.0
1.350641432548932,0.08267221981084705,0.0
0.620379136263129,0.1431508523437448,0.0
0.08804531029628661,0.7750933314757972,1.0
0.12738001526084552,0.058580252057045534,1.0
1.8483042081610408,0.9817511198954308,0.0
0.13788962966431328,0.858625374077751,0.0
1.5318324460276282,0.7830142309028102,1.0
0.7832447402519833,0.07565875382269438,1.0
0.08179392909864203,0.15109732081512461,1.0
1.2661637310604907,0.24473070801997543,0.0
0.1363888847932,0.30272382176296286,1.0
0.9903190357853484,0.8461185508216005,0.0
1.715781836319466,0.9474770753674076,0.0
1.4246403214963623,0.03922251107622554,0.0
1.180013506621729,0.5551105486349978,1.0
1.6644976851412374,0.7682934416118625,1.0
1.1821957994957193,0.6871208445130393,1.0
0.10182132965851953,0.45940147834312184,0.0
1.867385790785199,0.5351822498461033,1.0
1.0257808446275933,0.7282774085130431,1.0
1.2301368702201165,0.8130090852817613,1.0
0.6246306368283319,0.7612368937307666,1.0
1.0950560156351894,0.42351980628610175,0.0
0.17484938935593375,0.5870390869104658,0.0
1.504139242053892,0.7087235788904745,1.0
0.13191293990227004,0.6148569363493936,0.0
0.07238871015756909,0.42542103141347787,0.0
0.17795626907298168,0.7527980383454341,0.0
1.1362394149916062,0.1636821103552235,0.0
0.7187560695276487,0.5644019726008496,0.0
1.979068718246362,0.49446462235233124,1.0
0.8800975073555712,0.8271701915864653,1.0
0.39532291898775096,0.9705989772622919,0.0
1.3833991785026023,0.688409782714734,1.0
1.1662942830207719,0.3545958121281153,0.0
1.467546664916302,0.42134218132120127,0.0
1.257410429520483,0.6859177207664882,0.0
1.8770567592653336,0.34347620755659913,1.0
0.38772104292375387,0.7445379634624163,0.0
0.35621261784434366,0.5478744223437295,1.0
0.5342341387736778,0.9654906694165694,0.0
0.7140166069198701,0.5512038176280768,0.0
0.7008216487392827,0.5066547870530481,0.0
0.417363703923018,0.5908595262293417,0.0
1.5476403354806227,0.7468724352493,1.0
0.4350680946902761,0.5601668185852607,0.0
0.7562553173207065,0.8174513478600142,1.0
1.4691765895416697,0.25607653959211474,1.0
1.9094344430944015,0.9536849029525102,1.0
1.3804266574344743,0.4121220178034053,1.0
1.9968707798904692,0.8722738860002986,0.0
1.2587371829464125,0.5736718842433296,1.0
1.757277637844521,0.6105655574415041,1.0
0.5342967720079084,0.4385043630654849,1.0
1.5840430085742465,0.45959189419921875,0.0
1.1537749458565298,0.06181969179684488,1.0
0.035263062802515455,0.3727366917654896,0.0
0.6404564013209235,0.30669833466827345,0.0
1.0104148750977753,0.17393992870571784,0.0
1.540430708680878,0.2824030383951265,1.0
0.3393082455491334,0.17808616437353686,1.0
0.4651269823456692,0.2686059395069018,1.0
1.988476564196212,0.631199467403594,0.0
1.9284666031473985,0.6142393758648917,1.0
0.7716678921267444,0.978179649466516,1.0
0.11325414900464215,0.5410958194097453,1.0
1.490184329532535,0.12195939354257845,0.0
1.167143765889203,0.39021863020328296,1.0
1.6916696454196156,0.8597767339327094,0.0
1.0900581392279132,0.6542900245981764,1.0
1.412750090440073,0.5921749511693224,1.0
1.115992935771581,0.43777285443982294,0.0
1.4433828294092654,0.9884168585105311,1.0
1.104094830787456,0.5537789188366734,1.0
1.2966885725316568,0.998412861673255,1.0
0.7404680157658199,0.07515634313462138,1.0
0.3466396167692354,0.8063844568727303,0.0
1.7544385402223437,0.09712242781645619,1.0
0.6885558985636275,0.15517403026319232,0.0
0.25100021687562935,0.15890090990546613,1.0
1.841672510029619,0.7696020149055205,1.0
1.2411435281824503,0.6854863725099399,1.0
1.6920780248818694,0.90934565985725,0.0
0.22512791412301336,0.06955550935473453,1.0
1.624662240405424,0.7765853615814429,1.0
0.6169622690031102,0.4842838414377173,0.0
0.9407394502017166,0.4161959958392589,0.0
1.723152916170914,0.7970503681343047,0.0
0.6711600862526665,0.9054076074618879,1.0
1.4071295007604152,0.27739101988721626,1.0
0.9394065112677628,0.622523117392283,0.0
1.1251819586782579,0.8572761708021532,1.0
0.3791737021662225,0.05401068466679526,1.0
0.6173912198218738,0.2869204947556844,0.0
1.155419058020423,0.9499587038495308,1.0
1.2790215355343815,0.060784562948385745,0.0
1.0355470091715337,0.5395025615967016,0.0
1.6024059712611147,0.9144861632799051,0.0
1.5603392352386174,0.1353002666365849,1.0
1.9018972487940855,0.12169617617573203,0.0
1.3260558366527249,0.3160295547329047,0.0
0.6000773847769179,0.7308803775145382,0.0
1.2263279693943157,0.13925055886988968,0.0
0.6464262709863551,0.9700833118484466,1.0
1.0617220559246052,0.12564297806677138,0.0
1.1018409338361732,0.7353341985158706,1.0
1.7112349956651411,0.0980492696088403,0.0
1.121681284453761,0.692310555424008,0.0
0.2939190489981851,0.3322763664544244,0.0
0.5017343256489242,0.7009708653909904,0.0
1.7894566951595543,0.7656677793676268,1.0
0.14854367786487388,0.9755835399172538,0.0
1.2989444523573506,0.0662244576326304,0.0
0.8926943031478742,0.7393161916792866,0.0
1.6382923977367239,0.7654188552080348,1.0
1.557754967590238,0.6059324527835441,0.0
0.9792984773799098,0.1006005015859488,0.0
0.00928765559745437,0.6551012567779863,0.0
0.7527369352787141,0.9130975369920864,0.0
0.6059959474943895,0.616408036520013,1.0
0.3055026123754636,0.3179658773394731,0.0
1.3067853773670257,0.9535222931072191,0.0
1.7502096568485515,0.7899708779392657,0.0
0.31297152632123626,0.8613583635027685,0.0
1.915373960583069,0.5969931640307979,1.0
0.7161753378286266,0.07366796632777672,1.0
0.3158382788437504,0.8344221380712906,0.0
0.5397867889463226,0.8575841604230814,0.0
1.749945744277022,0.09421131998270049,1.0
0.35585815511945973,0.4293270444902201,1.0
1.9927129481220889,0.3267020940673435,0.0
1.6986392663879157,0.40772301510724906,1.0
0.06378558521486388,0.012037860077636298,1.0
0.7107968980193555,0.13244194690987565,0.0
1.4762677361856387,0.39786726305264464,1.0
0.8658939114242417,0.1413098706172522,0.0
0.23341214484690398,0.8422304279206999,0.0
0.9025794287696016,0.4684825034415062,0.0
0.05807158623574771,0.4397010703682769,0.0
0.10956427553138413,0.0743825873956554,0.0
1.3036628676879014,0.7485716673501291,0.0
0.10916664471947124,0.5095920376286969,0.0
0.7561466627856639,0.5949581183601397,0.0
0.9228567472933256,0.44222344601673025,1.0
1.74081339319131,0.855652527513103,0.0
1.7870889387248292,0.7031749956136816,1.0
0.1892095000354479,0.45660553015106276,0.0
1.9574349318168591,0.043508505833340094,1.0
0.6586447104485293,0.09082799993372581,0.0
1.4607691799986013,0.8416853168306332,0.0
0.4156554273363682,0.11092578141172604,1.0
0.165659611613292,0.8324844420094739,0.0
0.4503962316942738,0.5391727798831107,0.0
1.8740194719028553,0.7962660980072553,0.0
1.1295787970848616,0.1501792178380652,0.0
0.5428871200260605,0.06992472890018686,1.0
1.9796251718782234,0.06370116295057582,1.0
0.07318796162707852,0.3686185231902348,1.0
1.4532352993979318,0.5056147251783535,1.0
0.14034227983878123,0.9980200017233988,0.0
1.7195065383981798,0.5163855255661564,1.0
1.4910468979310785,0.0012761235865103027,1.0
1.7970361066627272,0.7152299561730084,1.0
1.3214240782766877,0.947114540684866,0.0
0.47649102546117694,0.9054282497862634,0.0
1.7145246963581202,0.6744863103101828,1.0
0.5572988379035675,0.8865507792086365,1.0
0.2613652356469658,0.6362207750058616,0.0
0.4919643036517247,0.2661225970262042,1.0
0.4340113489851227,0.47241901378428397,1.0
1.813516912408117,0.7432648424999106,1.0
1.4251128214692574,0.7907743619734678,1.0
1.7946307628488605,0.11912919191163385,1.0
0.6696230163295189,0.628512976558949,1.0
1.781199738482218,0.8484947799077007,0.0
1.8285446571882056,0.820876197825208,0.0
1.5113234338396615,0.6919916189479125,1.0
1.4364205917512236,0.8536344229522914,1.0
1.423954565248272,0.9937862843476475,1.0
1.540090622961639,0.28575484597224954,1.0
1.8671795468644554,0.5877578253038933,1.0
0.5357829342796709,0.21348971907254588,0.0
0.06750883682251763,0.36556160070018084,1.0
0.8543234229434538,0.08354136679010482,1.0
0.5837919264505822,0.3908590848760739,0.0
0.6996912597706091,0.8284050653874578,1.0
1.7241659016608961,0.8794609069329294,0.0
0.021381739350955224,0.05406608163658411,1.0
1.4324097329760048,0.3896540377993286,1.0
1.7177399117803323,0.6178885523531252,1.0
1.3739119007962066,0.7425421993113837,1.0
1.9961668758318036,0.3128562053049808,0.0
1.3315232872858545,0.2788759880102003,0.0
0.8413483253687604,0.3402476126844123,1.0
0.8468953745084042,0.6221503308580367,1.0
0.07199052092093083,0.5782439515883556,0.0
0.605151017908899,0.47463205297093203,0.0
1.8854230957959672,0.08881863633433529,1.0
0.7744311229947525,0.04174778972601534,1.0
1.9472706106613429,0.2118170142814716,0.0
1.6008721965698742,0.7931877288235697,1.0
0.9986345655001312,0.5826098066429112,1.0
0.1876205846309984,0.2927870945890184,1.0
1.7957060927497817,0.5667052223260145,1.0
1.8591379999710589,0.5707386417093572,1.0
0.8512172061638976,0.7505643350718159,1.0
0.49902676150660485,0.18959583189110785,1.0
1.0514083726883623,0.5615072052895513,0.0
1.0407980840498106,0.5144154109207134,1.0
1.0634055775225661,0.43187302507910286,1.0
1.1311721459420399,0.9852690154904625,0.0
1.1660701437114789,0.5101219566716784,0.0
0.5637749199580515,0.07686066123328616,1.0
0.03129736567515051,0.6236058370044997,0.0
1.1231566340705732,0.004822911853738288,1.0
0.7858127323655009,0.15501339476175446,0.0
1.8865940420224652,0.7069864941814967,1.0
0.4251243803647855,0.6039708211490821,0.0
1.7061767897466855,0.14941508110234125,1.0
0.8226299916356417,0.7564076957004038,1.0
0.10661978245415327,0.6184226667721424,0.0
1.9608978924799843,0.6689049330156832,0.0
1.498089686285596,0.4901296088568716,0.0
0.14945621645346027,0.83712601800185,0.0
0.46323867724655554,0.10629970818074952,0.0
0.5115405512133306,0.5223145792475725,0.0
1.4141468305243161,0.9901941465197883,1.0
0.9795573758267848,0.6635084241603539,1.0
0.708557070090337,0.7607790738088233,1.0
0.9117169718247897,0.3054487771787937,1.0
0.7291024200569627,0.4934428215521277,1.0
0.4104651838810307,0.19417003951927758,0.0
1.8362363549745866,0.4328048609143482,1.0
0.683939805134754,0.6627928137987948,0.0
0.44347651564453083,0.9166010436437432,1.0
1.769701964427372,0.622635559554186,1.0
1.6217703778825778,0.5086574753724437,1.0
0.8870728726087003,0.8516712955498636,1.0
1.557203963088206,0.9615685029371248,0.0
1.7124598560950333,0.2525351253989102,1.0
0.5777429389805671,0.8979373455240255,1.0
1.3030564251025225,0.8116998199287379,1.0
0.7987323645960243,0.5730799634767926,0.0
1.498669555014632,0.19369945805261302,1.0
1.1086380540150795,0.17181197283656968,0.0
1.9654199448112024,0.740011751529142,1.0
0.011251246575548546,0.21161443907665256,1.0
0.11986213584538885,0.3958242888167227,0.0
0.03429450302572046,0.6203652440501779,0.0
1.212517040332885,0.05278147151275725,0.0
0.5664170604499421,0.7750029633557872,0.0
0.7142173578807602,0.5038019659048927,1.0
0.6932895995063257,0.3621466319830623,0.0
1.1899879818650154,0.7418868484319799,1.0
1.653576167078819,0.5835056494612585,1.0
0.5898739371869206,0.07456190502612148,1.0
0.8701512853435325,0.28776426127839294,0.0
1.7632758368264798,0.17566443788054098,1.0
1.3211167428277877,0.8987960885221601,1.0
1.0620635402522034,0.4046862994783591,1.0
1.859320349989293,0.27979413209739623,1.0
0.9873837132777712,0.49668325720424755,0.0
1.9230245807448916,0.6358083877177791,0.0
0.7334478987262796,0.22317843377450863,0.0
0.46669782218134626,0.8687694011844916,0.0
1.522867656956378,0.6816427506066305,1.0
1.211700584337897,0.3912095780072654,1.0
0.9313511000517216,0.22257519647157498,0.0
0.67551646272814,0.06844927508288745,0.0
1.7542516308180662,0.23549634875589376,1.0
1.9377798838550602,0.7356090944134975,1.0
1.395030109855694,0.7194268444862991,1.0
1.0625732242806896,0.3774818610651576,0.0
0.28303094986202315,0.2955398896256063,0.0
1.603616793024037,0.3872662393524833,1.0
0.9648106387994282,0.9056176491302509,0.0
1.2560014336471648,0.7535193348701829,1.0
0.8837248098107235,0.46883519611756064,0.0
0.8832575633686561,0.49874894325139296,0.0
0.08589935570679175,0.5263361567621738,0.0
1.8615875852407717,0.2223494880713337,0.0
1.67491897785073,0.6373093244232472,1.0
1.0211931861686767,0.13081314687745982,1.0
1.3481397968302715,0.24912114004340402,0.0
0.22822145703971186,0.7139692652009658,0.0
0.2034238538161124,0.28548462975753797,1.0
0.5725736632751426,0.9082421694518604,0.0
1.2524532681988554,0.9811296265460647,1.0
0.8282019050463816,0.4198570220370841,0.0
1.303363120352852,0.2987768136929625,0.0
0.4392019477407181,0.2709084429753249,0.0
0.6610655401302155,0.9960029179403661,0.0
0.6221120020421198,0.9813122491381951,0.0
1.2986742199379182,0.8812482638815177,1.0
1.411427557273329,0.464457138135567,0.0
0.5453960868791581,0.0799477911078027,0.0
0.3894283747217604,0.6657386224077768,0.0
1.3660046267871826,0.5730218169798226,1.0
0.37416258131287217,0.70013711980922,0.0
1.876907081410602,0.4101703364877901,1.0
0.09769392480712158,0.5660504507145753,0.0
1.128628491905537,0.324600071639371,0.0
1.7810230580271855,0.28712061306986936,1.0
1.1687287861435323,0.6572324882623157,1.0
1.5095699889384633,0.5841279918230646,1.0
0.2921190320386986,0.565473781010386,0.0
0.013462885823143811,0.041231601898747416,1.0
1.5668600063029425,0.3819890009991034,1.0
0.7805277329290401,0.7466579120580005,0.0
1.3007344557624327,0.8951191752985096,1.0
1.66793566760071,0.05030051052888973,0.0
0.14408067143959347,0.1030928090576424,0.0
1.1752089984293679,0.5417123316913,1.0
0.7985798931976471,0.9391093626016493,0.0
0.9290716741980416,0.5438685676802667,0.0
0.510830091386518,0.8896978116621442,0.0
0.17457532798508435,0.1077713667450837,1.0
1.7983534244609478,0.7589677549522285,1.0
0.5363134164120285,0.3814655841477277,0.0
1.8299644838690714,0.6611061472558561,1.0
0.16970602605052099,0.22899609863242676,1.0
0.18223547591776112,0.23647983876385725,1.0
0.6600022724097678,0.5923108156773642,1.0
0.4959208148982368,0.8796131906933827,1.0
1.2630615606438962,0.9222581412200801,1.0
1.2934514111014273,0.03995844113117164,0.0
0.7364653541715045,0.2924625905088729,0.0
1.4585899344455542,0.4707438025004599,1.0
1.5971379571771285,0.9799099871973496,0.0
1.6692205964234732,0.5163269860805517,1.0
1.0214239366822095,0.4018835927672213,0.0
1.8983123062342449,0.42240999675644086,0.0
1.5151158652211152,0.016023257494376275,1.0
0.31829002141304175,0.002267721022680691,0.0
0.3872371566852899,0.9342087783153903,0.0
1.8704160760495523,0.6919645417512984,1.0
1.4877981176856632,0.8567057534049158,1.0
1.8388559997873608,0.8560965439093032,1.0
1.3030794313494276,0.46904073165007654,1.0
1.1326578871040835,0.7733471464018534,1.0
0.5217752434866059,0.7401515818268587,0.0
1.5079739896250082,0.2792486660271173,0.0
1.9244491333243703,0.7776415393465808,0.0
0.7390002706853416,0.4397449439019193,0.0
0.6241009725208093,0.5873896260856885,0.0
1.5170411666839876,0.5681436583709233,1.0
0.3175334480503016,0.8907609691022492,1.0
0.33367840932764525,0.9687992773390754,1.0
0.8159578584889862,0.24187955668052918,0.0
0.47306710761064985,0.5410288564984475,0.0
1.9788603347264577,0.286469767193656,1.0
1.4955773554533875,0.7438132061863999,1.0
0.6843321404619247,0.7977543854770964,1.0
1.6672985131765965,0.33945652796332904,1.0
1.0378490635080455,0.23605878545185888,0.0
1.7905272912503358,0.5188124813516188,1.0
0.10331323726069974,0.5127797340536662,0.0
0.987371621355535,0.9286982749803971,1.0
0.2714437153287017,0.9490733980310585,0.0
1.8546309513347692,0.6802979216413239,1.0
0.527423518938702,0.8717464883729887,1.0
1.8526782667907247,0.29088456979980504,1.0
1.109405283236301,0.7482061598858076,1.0
1.4217957830522048,0.40207050950575673,1.0
0.37985362658195454,0.2769567274352611,0.0
0.7130848515612391,0.8577668791121974,1.0
1.4305520701885732,0.14769986279709602,0.0
1.7451895577989864,0.8228408368213996,0.0
0.8919303292808463,0.015272427869698846,1.0
0.3481465709373117,0.9677715277227545,0.0
0.017400974136859263,0.6459902228676394,0.0
1.0540763856986861,0.8543045156722407,1.0
0.17257734863882734,0.31785519888273805,1.0
1.2581749264992708,0.7657515630016596,0.0
1.0419814137003833,0.5998399325745221,0.0
1.2815659108259363,0.285603949071387,0.0
1.7264859648781887,0.5018057645971742,1.0
1.9211685703702712,0.38749582877507727,1.0
0.39981692898844723,0.42155937667470034,0.0
0.45345001636174076,0.3757066302882136,0.0
0.00876255074940313,0.6039063683294273,0.0
0.2913548125864778,0.9591327786290998,0.0
0.8615582855115451,0.9637855241826403,1.0
0.4710172045001155,0.7748970920352328,0.0
1.565340693350802,0.6908274014693021,1.0
0.07716696051875771,0.19268114081753507,1.0
0.025445616171810848,0.5816618034889321,0.0
1.2432155738770683,0.007313952669380286,0.0
0.5183077122028301,0.7091725782960036,1.0
1.69344343584331,0.9822607620313555,0.0
0.17021872130142587,0.730390118452492,1.0
0.4405060956873257,0.3552601586052746,1.0
0.6238126281181708,0.6184622558594607,0.0
0.09280847960413174,0.22248954963614787,1.0
1.8236226024960358,0.4836416938961543,1.0
1.16532283698015,0.5208294040096983,1.0
0.5997242778598812,0.08389387544473637,0.0
1.5638329617230582,0.5366794822045212,0.0
1.5991052167438595,0.508000002173316,1.0
0.33347523601860063,0.0686756386797518,1.0
1.685831289408535,0.6278336849455809,1.0
0.6305666702206727,0.24881592339010428,0.0
0.5828059024310486,0.872241410147459,0.0
0.7779235695172149,0.9656326460440299,1.0
0.7721638998580336,0.5610715085461296,1.0
1.304378839194375,0.6672161853445813,1.0
0.9928890103445691,0.23653944445599817,0.0
0.025732781250762612,0.3263449324213753,0.0
0.7658837252121244,0.87646706829694,1.0
1.771790937806117,0.5310753670996556,1.0
1.8681000909132894,0.4544678804159271,1.0
0.364995086420868,0.9753862833692044,0.0
0.0949713097777578,0.20938812736711288,0.0
1.3566067738912455,0.8318122407080648,0.0
0.9759775772690673,0.2691019494642459,0.0
1.4036540386917469,0.8742299359815905,1.0
0.8762586154149301,0.8917891821198158,1.0
0.6116096299988354,0.7450349854651811,0.0
0.9194023076559319,0.23844848151021414,0.0
0.8200680393930837,0.3660545125975887,0.0
1.019478569376504,0.2876159968732176,0.0
1.461601536442532,0.1131489115909623,0.0
0.02749399846542877,0.24122015051317924,0.0
0.6555391213761956,0.3267922762178639,0.0
0.9339638250080684,0.5144731957986258,1.0
0.315619499523373,0.1988887086595026,1.0
0.9242607072639497,0.9107315653308341,1.0
1.341165649060708,0.6202722157384728,1.0
0.9411407903980593,0.8224921608203393,1.0
0.4757598025494305,0.36413215471527594,1.0
1.7477119310283913,0.7776380980715772,1.0
0.04001789786622312,0.6396312869839598,0.0
1.3745638377905738,0.30982388805506234,1.0
0.12328257900124684,0.7469732350394198,1.0
0.7391840336705386,0.5947008789206725,0.0
1.4578902311103619,0.47787600817303433,1.0
1.0310900661967393,0.3873261966085598,0.0
1.4593021952680365,0.5955168932477176,1.0
1.3468343338501982,0.8682275502099945,1.0
1.318649243488832,0.3497275260863898,1.0
0.7389920650143564,0.27971950907589604,0.0
1.9289942152512503,0.14169905740603128,1.0
1.3309247114456428,0.8364783078772063,1.0
1.5243700894723469,0.9964277677150734,0.0
1.315835594186985,0.9939291108237981,0.0
0.6546055060902138,0.31597588686707223,1.0
1.5895631523396803,0.5521123713449978,1.0
0.8839655891062059,0.8372344360869036,1.0
0.8652924542191902,0.6257540080897679,1.0
1.59473255597876,0.6065859864101675,1.0
0.21849082893992522,0.9044243967756143,0.0
1.3334957565039487,0.7482297337132342,1.0
0.9007164781944839,0.9968186783061382,1.0
0.5017144974587069,0.43286723994915466,1.0
0.061698618065848976,0.4105811325727923,0.0
1.442142610373385,0.9560114504911325,1.0
0.31587955742141305,0.4033678959304885,0.0
0.7642424995559061,0.6081304165303316,0.0
0.8955463744801044,0.631340178338721,1.0
1.3713646963198576,0.3026095208149301,0.0
0.30492321925048826,0.04539750168327783,1.0
0.18952189202353442,0.06703369171100093,1.0
1.5214386658991723,0.6430010822851808,1.0
0.5984323656258845,0.5031751963657007,0.0
1.093923038521243,0.6221863316283761,1.0
1.7539298921434483,0.5270919309155468,0.0
0.3110327498358081,0.07653344276080387,0.0
1.1097221360703604,0.45417450800287185,1.0
0.5357493486682046,0.5960177944234138,1.0
0.4572310058831133,0.2062096082620274,1.0
1.2099152307635757,0.9115700304532488,0.0
0.16126165917976887,0.669481841693547,0.0
0.7407216816352618,0.30356952702543927,0.0
1.8865302869621912,0.8379684217017672,0.0
1.8228079000142774,0.9447067315763874,0.0
1.498939996498984,0.18074727399785961,1.0
1.8534263531114918,0.37571003842540707,1.0
1.5904419634421223,0.1904119133967337,1.0
0.6433602474608834,0.03810040460896946,1.0
0.18355040676190892,0.08121851512069744,1.0
1.0869899826437701,0.46293038785871987,1.0
1.4333853026165004,0.26324633007427223,1.0
1.4863718897359963,0.3227911506759119,1.0
1.0892307394253473,0.4271976620522474,0.0
1.0476294655137726,0.19605568123302475,0.0
1.532900482315467,0.40730299500811373,1.0
1.1331385271803514,0.7588743493255705,0.0
0.7839014388174224,0.7082226670427281,1.0
0.3435206676033411,0.47271320819309937,1.0
1.2860669016587887,0.8137568470360811,0.0
1.4260503042160695,0.07186065910590023,0.0
1.7747633225692827,0.9441900410607892,0.0
0.8797242104174408,0.6680973188662003,1.0
1.642895416694846,0.9815830682821269,0.0
0.6812383791198993,0.1286650647518739,0.0
1.519154871258054,0.411850287687887,0.0
0.694213126358908,0.7561263089225857,1.0
0.7381638125793104,0.2299087894193379,0.0
1.825747515118263,0.9138344885793092,0.0
0.9057683497313926,0.5404469706208553,0.0
0.4023126544443292,0.7632411670840216,0.0
0.6975819628629236,0.5600282064847653,0.0
0.21876875146265418,0.6662937665451972,0.0
1.0246045703795614,0.26104521545809534,0.0
1.32474450883651,0.20156420129653563,0.0
1.1247450500309875,0.04334036107555672,0.0
1.8246359947282373,0.7047587113832168,1.0
1.3838096059516543,0.25145356811327557,1.0
0.5171539844298503,0.5925966298121177,0.0
0.7864296174723686,0.48175877465286165,0.0
1.452593530437339,0.10039945945846107,0.0
0.5813487001062421,0.5878936601589183,0.0
1.9693612766318331,0.5634700566737288,0.0
1.1460706114080714,0.3304988131540879,0.0
0.11571603025115706,0.6526673923858487,0.0
1.7092112268934627,0.5308326335515889,1.0
0.93060443917655,0.619942186347512,1.0
0.8249460634075321,0.25920769775109276,0.0
1.289208992458769,0.45309168061736893,1.0
0.6001012314765395,0.6710391237444844,0.0
1.9302463653220676,0.10668451716435812,1.0
1.5883636802329466,0.5208456863479908,1.0
0.4953600332733492,0.4443827548998275,0.0
1.6651054098392217,0.061665942194061185,1.0
0.3567101410756546,0.29848953852350635,0.0
1.7669734882029768,0.5641334793117391,1.0
1.1185177062120497,0.9640618859670075,1.0
0.4531443682686844,0.6757577304331669,1.0
0.41458267839791785,0.7668733635139763,0.0
1.3104269746332156,0.4498806257341116,0.0
1.2685257951373452,0.7261417333662736,1.0
1.5323471673446099,0.338761347658882,1.0
0.7535223535632953,0.6729379680169799,1.0
1.8160078678576705,0.323689294529817,1.0
0.054149571579490186,0.1363284010691116,0.0
0.8990423085920063,0.6232900942236347,1.0
1.3968938925870462,0.1952281557049904,0.0
0.16062408362100666,0.42250181348336335,1.0
0.4005033861593694,0.32604838714560636,0.0
0.25539701965918415,0.6803600341840755,0.0
0.888678696859494,0.6786088671000954,1.0
0.28734492390153155,0.6809714696421998,1.0
1.0336861097326666,0.4554017721412207,0.0
0.5861058912446622,0.5165761807352449,1.0
0.6073175839120135,0.5841487935791269,0.0
1.0052773150240775,0.6108644940504581,1.0
0.05434187725798201,0.5121046602774777,1.0
1.713573299350965,0.6305606427447342,1.0
1.3420429475561462,0.7348671671996974,1.0
1.340703095067254,0.77339422341321,1.0
0.006126712061925277,0.2251629868153765,0.0
1.9082039347586486,0.7706219009287644,0.0
0.15102543861575568,0.42647269918010144,0.0
1.3543089986341335,0.05615376354069446,0.0
0.9428536144824726,0.47878127305634266,1.0
1.8308419392455866,0.034310098350999185,0.0
1.9830908044891007,0.18197930543270324,1.0
0.5970091777822057,0.5245912567938751,0.0
1.121782552637217,0.45112848560738206,1.0
1.1127829258864952,0.7142604742910016,1.0
0.6815474333524911,0.9358985162498406,1.0
0.5078462669580364,0.8611804605832943,1.0
1.7213937997378461,0.09502160531670478,1.0
0.7895326403182736,0.7683511388226985,1.0
1.8456404703940292,0.5743017996529628,1.0
0.29018448115251805,0.8359445780043112,0.0
1.390833780067158,0.1441827211807728,1.0
1.8183533680672845,0.17403554173952773,1.0
0.0751412058452281,0.6414040570016722,0.0
0.31790041729829066,0.7844365375960362,1.0
0.44120895343730915,0.13243413546870197,0.0
1.3450623534139146,0.7115622765814187,1.0
0.4008824727389315,0.45864672733843503,1.0
0.5585077334599824,0.6082447921766162,1.0
0.739019634987526,0.8025547103421999,0.0
0.5512401205881547,0.18115729026039085,0.0
1.811279802954571,0.2392255948665425,1.0
0.5567952212958298,0.3201542602802796,0.0
1.4630711679659667,0.37690912911680163,0.0
1.7665874562789756,0.04910610231077528,1.0
1.7848256559378315,0.9288989130115438,0.0
1.0217808408897988,0.024385177047449913,0.0
0.8928153175419453,0.7732333541754692,1.0
1.2852576182661595,0.9678380599098131,1.0
1.5742337074055202,0.09846967998198031,1.0
1.9126337548828045,0.4850202718847615,1.0
1.8198264075047952,0.33568201676362086,1.0
0.8523925710028333,0.42524527628793085,0.0
0.8692789457834778,0.45303810591430915,0.0
0.7238167589548756,0.3382577242276711,0.0
1.1759111043436512,0.9655646400629119,0.0
0.3127058428848115,0.32877914386466334,0.0
0.2762261957049936,0.6284868894007178,0.0
0.20265944076866993,0.1252900647981604,1.0
0.8741582806706775,0.20851354330638772,1.0
0.33771241869936564,0.3173588664399849,0.0
0.5684667212499024,0.8977004804972324,1.0
1.242731396384767,0.8714645964098101,1.0
1.4315028809454138,0.0702998350326356,0.0
1.152375838316238,0.8382674862376641,1.0
0.02921419844961171,0.669342210785599,0.0
0.7636563626678203,0.3476589256151371,0.0
0.1536764867678051,0.957321766649893,0.0
0.9959767043232146,0.15343849816299637,1.0
1.0534701228813559,0.36622986138913205,1.0
0.8334322013941626,0.5222306955845202,0.0
0.002472332819597689,0.06256972467103228,1.0
0.6302643153812337,0.9442484304280288,1.0
0.8782918548472352,0.5033769188019142,0.0
1.9847017374691682,0.5825767550562727,0.0
1.4607915439306143,0.7695018132924615,1.0
1.499348443214761,0.8049844438722271,0.0
0.26468898735814395,0.82973620356513,0.0
1.0617350236165608,0.955867882373414,1.0
0.17886980428605992,0.8558749466804563,0.0
0.8679263906723724,0.014215097204485216,0.0
0.5190920443131708,0.8880363669810576,1.0
1.4675865963616637,0.715805944156598,1.0
1.0463105437854663,0.6973498490223169,1.0
1.4968326929992595,0.813070948377614,0.0
1.534106068119776,0.2575953313676973,1.0
1.9681557908905296,0.9639131562864782,0.0
0.432859840671457,0.09514859556864663,1.0
1.4754055940613424,0.72315178567327,1.0
1.1597304779303106,0.2751167752166187,1.0
0.06969004420960334,0.1743126245463732,1.0
1.7013964785238724,0.9470906825970371,1.0
0.2606805750824577,0.9187429470631399,0.0
0.4554960513102262,0.3655336174118592,0.0
0.9104384301117392,0.10603216497583468,0.0
1.070205733078203,0.24571373009238662,0.0
0.3186822639396638,0.8104995337928298,1.0
0.5101512790958014,0.6218546770886548,0.0
0.5285849463720178,0.4849284243031122,1.0
1.3924294372278092,0.45364059390133826,1.0
0.1219637113056724,0.21423324445052316,0.0
1.9408639532588197,0.47913703680584374,1.0
0.6309327804045548,0.24225207424767436,0.0
0.27740361163184235,0.7002656305201482,0.0
1.335278936765553,0.29979691404858133,1.0
1.1147037175457755,0.053009770327250516,0.0
0.6219120429669875,0.7864806765744328,1.0
1.317253667176036,0.47455446509035204,1.0
1.333863282221328,0.10914044013251956,0.0
1.3265201392990151,0.6137588819842363,0.0
1.6170479579557198,0.1280142296861898,1.0
1.860338158500094,0.41696751788765274,1.0
1.4312722438995487,0.7342978613143364,1.0
1.3393936054458333,0.12617987205503867,0.0
1.7407321826405098,0.3849345762099289,0.0
1.0521336499231322,0.6057903768831443,1.0
1.3936955344174624,0.3084774587561878,1.0
0.8007346731238283,0.06246938873863861,1.0
1.3876800964806342,0.5197408737936818,1.0
1.912477224479874,0.6981838451162924,1.0
0.1337050535071138,0.06521945047223265,1.0
0.4761852529047952,0.39528592054051437,1.0
1.7106666498867604,0.8837720961155658,0.0
0.1369290980297584,0.46903388053931006,0.0
0.05172516631891333,0.21182015545487187,1.0
1.1391101653707019,0.029926875105694917,0.0
1.6647289168500583,0.09834629964815989,1.0
0.4286916689632192,0.5308632950462718,0.0
1.1064951288382319,0.8817548486461441,1.0
1.4293213656384869,0.3947687327089431,1.0
0.8054449293475942,0.7704647739258613,1.0
1.9144049049859397,0.622119243741476,1.0
0.3679136966089498,0.5777981632620095,1.0
0.9322258221968633,0.2963855687989059,1.0
0.8818176080318794,0.44640028977406343,0.0
1.075887919223974,0.9531858901078338,1.0
1.9460401968249883,0.9922578065810213,0.0
1.8062823961356338,0.43086950369101396,0.0
0.46138421755762327,0.3750278601860826,0.0
0.39430273498249613,0.6686656721287361,1.0
1.49701703871587,0.747691888611977,1.0
0.5853106196659288,0.6276103333839335,0.0
0.4065015692450844,0.9169951983126406,0.0
1.5026276429200773,0.8964253299006245,1.0
0.6988623076757039,0.3337991902804167,0.0
1.0706492251876767,0.6052703619551901,1.0
1.14490785706183,0.8983557090984682,1.0
0.019626713022040002,0.7969446973670918,0.0
1.2099017123089386,0.9341163106701155,1.0
1.166368537628669,0.12216986364762383,0.0
0.7387257289037672,0.13292271846825232,0.0
0.7362508821032951,0.627483935849089,0.0
1.4844544855651767,0.8058088977016099,1.0
1.7160180159603,0.015652919113158914,0.0
0.44515103821939417,0.11085336465038464,1.0
1.5227878383224471,0.8030714441180263,1.0
0.025076660772581416,0.5101626535765302,0.0
0.03270672450414014,0.6516919892201216,0.0
0.7207489968076672,0.26407719299904153,0.0
1.3654463303135245,0.6511242909079813,1.0
1.9066683591654265,0.17742977041000363,1.0
1.2170272442929815,0.4512845943198138,1.0
0.062577921868044,0.924527583930459,1.0
1.869741897958949,0.4780472606269557,1.0
0.4381580379881902,0.689636779650817,0.0
1.3760031062040132,0.7835818684016448,1.0
1.5971746508744098,0.4649417300587667,1.0
1.0175058958903882,0.6580867945159606,1.0
0.12149280567105691,0.9802568607969268,0.0
0.8581092818008702,0.27012786820321033,0.0
1.7192032931314256,0.1765265676097908,0.0
1.0716403584621188,0.9395692608638487,0.0
0.7337847267495499,0.848608148870564,1.0
0.7344869005169876,0.14978794855585198,1.0
0.6807352267320526,0.39644700798909116,0.0
0.04088594865763606,0.061006292035906684,1.0
1.5278636766054385,0.28297434436891356,1.0
0.10916295580410074,0.044602271871669985,1.0
0.5408892241859955,0.16695915707986853,1.0
1.6094267953754813,0.8346766175035174,1.0
1.532719061008131,0.8413003936037786,0.0
1.1434229095167803,0.283905254981078,1.0
1.6655197003660915,0.37727929369293367,0.0
0.013271826027760225,0.2014921918242668,1.0
0.22214300128058384,0.35027651207916755,0.0
1.7407789623025995,0.9895924074310598,0.0
1.095138478815435,0.3045263453558932,1.0
1.0187662322623456,0.5110760330001906,1.0
1.8460781607216323,0.5935091549137199,1.0
0.7699650351515395,0.9663057337009647,1.0
1.9290264075780408,0.9801237612208887,0.0
0.832440093577157,0.33044139705745057,1.0
0.022316740604615415,0.9809928446437063,0.0
0.39224341954643416,0.07952247545786928,1.0
0.6126312498351854,0.5249838995033732,0.0
1.9744325528332456,0.7071189212364025,1.0
0.26230676314787504,0.06330099813890011,1.0
0.45891371483304044,0.28526193622930307,0.0
1.1894232784754752,0.6510542627963641,1.0
1.8337910807836428,0.4788967733658659,1.0
0.9307620681978397,0.8215968101840984,1.0
0.7414721771767874,0.19865291801609752,1.0
1.5516653935659317,0.6679341735370965,1.0
0.6984214071105688,0.7225759895069073,1.0
0.7286711151949945,0.9971613679547257,1.0
0.3026768967110105,0.21102078087976095,1.0
0.27250326548476744,0.6384104837843024,0.0
0.586068041232017,0.4198872387850512,0.0
1.0722276764753151,0.8901606837115144,1.0
0.7565281753721362,0.34907748200135613,0.0
0.9972018491684145,0.522396997838263,0.0
1.9236972296025905,0.1144622462643613,1.0
1.789434884954454,0.4899150386162746,1.0
1.8874401969284018,0.552422234911356,1.0
0.21458270362190612,0.2973009390604495,1.0
0.01303834184485031,0.7763189547832503,0.0
0.41498418558508754,0.5421202737830018,0.0
0.1704550660907116,0.31209785103166254,0.0
1.8464690660164285,0.7888589990531529,0.0
1.6874393766195726,0.730710470044163,1.0
0.655238596199216,0.9897606033019348,1.0
0.3776289123111838,0.14880138098295803,1.0
1.3153036483231462,0.06747816835782872,1.0
1.992646426485243,0.5161257153619693,1.0
1.3100669568454324,0.4323356238017886,1.0
1.3479550216813112,0.6697800120220289,1.0
1.259265252766357,0.8354228613821388,1.0
1.3330734235826487,0.16458368556016578,0.0
0.8321871025755754,0.5178038970363632,0.0
1.2980161137046922,0.2237621536749489,0.0
1.6211636555481774,0.17983458249408457,0.0
0.17106159856686665,0.6218788626196512,0.0
1.5091519987692883,0.6554605595637302,0.0
1.563675044088254,0.27000910437353054,1.0
1.044251642161136,0.5108379638805605,1.0
0.9231343712490585,0.8009661210715916,1.0
1.5433633907266404,0.5279687614313682,1.0
1.4737451324363375,0.06720085343393245,1.0
1.9390723927772824,0.5667455453374071,1.0
1.8897355550550705,0.11413461226675614,1.0
0.08176614574125085,0.2837366843380009,0.0
0.07934494783720125,0.3741960902036463,0.0
0.38589609141855963,0.9679666980810501,0.0
1.133163775367257,0.8395279098269042,1.0
1.1079769951182756,0.4297438148126008,1.0
0.1201043863670832,0.824547738339066,1.0
1.0031485467773877,0.9469513759195309,1.0
1.4686406224907775,0.6864346323795354,1.0
0.39655807809238763,0.3200197423508899,0.0
1.645837770663027,0.754596631617003,1.0
0.9897366682444912,0.6716504808514773,1.0
0.1732187358180448,0.26469784824712683,1.0
1.01708116427131,0.2640989621610329,0.0
1.4393559130436329,0.24288867371777667,1.0
1.2446377196319176,0.3687008485438218,0.0
1.4087788336259863,0.7070540398465445,1.0
0.5947466591912853,0.48478534479277824,0.0
1.742572221583503,0.6832720642270449,1.0
1.6464309808231035,0.39048843169996617,1.0
0.297466881939072,0.4893646959935902,0.0
0.6706220744217162,0.04348189096753996,0.0
0.34941612262691035,0.10206469350072567,0.0
1.8205398686446161,0.626033673639829,0.0
0.8638628500478251,0.08111570482314223,0.0
0.33441950193817327,0.8163667494132494,0.0
0.1772332855858807,0.7963648389614403,0.0
0.1392039126825173,0.27917708396707386,1.0
0.7369513662068952,0.3347642966467711,1.0
0.7961668501490249,0.9128877132871576,1.0
1.38111351349454,0.8981759857508802,1.0
1.7811042003168216,0.826532612373075,0.0
1.478258473296039,0.24157758776443905,1.0
0.2836974966015433,0.9144487039298302,0.0
1.06103173770957,0.7171474487230588,0.0
1.455738740846446,0.007555935715570783,1.0
0.2501468551167412,0.2721533522829732,0.0
1.156528476488905,0.46862134865624716,0.0
1.9003464366415337,0.818840234979862,1.0
1.4984159387749032,0.7123861648790176,1.0
1.3703334381609988,0.6064025182967199,1.0
1.8163059590699886,0.5189395238755173,0.0
1.6787639662589193,0.7461276231461101,1.0
0.9943682242152372,0.12904116892215522,0.0
1.7724426838685028,0.323881755313136,1.0
0.8971506767143798,0.9452609336107729,0.0
1.6096492188643508,0.9352992608778959,0.0
1.4624750666519792,0.849963537526023,1.0
0.5448588738102798,0.17119748894649645,0.0
0.225861822650824,0.7584783886856967,0.0
0.7916084365691389,0.09343092868198166,0.0
1.44344626664149,0.7093582794985326,1.0
1.6242349908717415,0.25823867323848093,1.0
0.8414854511655991,0.6481234310801656,1.0
1.661137149557479,0.7528302304818599,1.0
0.2916146879901256,0.32249267001076487,0.0
1.5653519931882804,0.8466056749472067,0.0
1.6135139598680863,0.20146325320655134,1.0
1.0939988238156266,0.009835728966758217,1.0
0.23762699693548806,0.8658228120910078,1.0
1.8202989789595017,0.05579717703531839,1.0
0.48815552539592555,0.856660837841653,0.0
0.36949091707857473,0.3389368886141437,0.0
0.286472819305412,0.44915596602142493,1.0
1.2214824296509186,0.917134770128493,1.0
0.7625728611121672,0.6551211764329392,0.0
0.22082813991846106,0.07986481715055394,1.0
1.786484310389562,0.3206898930808042,1.0
0.4984384056238651,0.3459920076009396,0.0
0.15033610630353866,0.19068657696249514,1.0
0.03791754197024111,0.5161600507032635,0.0
0.2123707976608602,0.15967388899644486,1.0
0.6149837320470868,0.5190855083808129,0.0
1.1869510454531247,0.9037307333567504,1.0
0.660823933341643,0.8844620546983724,0.0
0.16492643214174985,0.8260893054023041,0.0
1.8578798446801998,0.8446010002543702,0.0
0.17184610425138191,0.9350005599510467,1.0
0.6751052634155803,0.08314818993777162,1.0
1.1392373223568704,0.19697505153295292,0.0
1.1367274890393106,0.27384300234935377,1.0
0.08870114160453468,0.05569633169279464,1.0
0.4614622266101902,0.2904523972858548,0.0
0.7722116806121986,0.3582620344203207,0.0
1.4833634894090775,0.5895226776050398,1.0
1.0431079696550714,0.31187333448412813,0.0
0.574661896040406,0.9623829974868171,1.0
1.0658106820901878,0.8157253896173975,0.0
0.4480730187181414,0.21122983113844296,1.0
1.5077121638809838,0.14804028789662804,1.0
1.9167020744708254,0.28129261680836826,0.0
1.0279962958363165,0.9270870394889135,1.0
0.6858987658096889,0.5814299183139879,0.0
0.38646958867185455,0.19820357604343608,1.0
1.0862148503205316,0.6811910602898117,1.0
1.9337304716245485,0.9747586949765236,1.0
1.0905438967178773,0.30785854535386736,1.0
1.1222236265605645,0.23042543642596347,0.0
0.14188320039183333,0.5083105935545952,0.0
1.0010535912296172,0.1422474671265357,0.0
0.3362385722744059,0.8724121448899675,0.0
1.179893633690775,0.7488296350526145,1.0
1.1177264970068261,0.13374405273103707,0.0
1.411293661637427,0.8030461242679587,1.0
0.9791964766650842,0.6848154507553569,0.0
0.6505577425699516,0.8011765765373128,1.0
1.9745648087404837,0.7295982085862848,1.0
1.7217945285409488,0.7559094054719293,0.0
0.38963651885791273,0.13974069986913795,1.0
1.1569988449397788,0.14687534993188311,0.0
0.07730313094023233,0.5630957115995582,0.0
0.13638343756634752,0.0378243532440814,0.0
0.0024670402360953414,0.5835266007051956,0.0
1.4601873177979015,0.03599875327267554,0.0
1.3439800911151694,0.2358269182418219,0.0
1.1617722046291625,0.2187435422252566,0.0
0.8760277579739832,0.8942429130514126,1.0
1.7285483472259313,0.26731465988868275,1.0
1.4597899964874095,0.3490142873683584,1.0
0.8587674672609835,0.20219747826967838,0.0
0.13659957954566848,0.6410564883182363,1.0
0.5908887821404322,0.12624117066705332,0.0
1.5943692758218468,0.3685670559287062,1.0
0.08773914304538222,0.24970237119835836,0.0
1.1715363941012003,0.8878233656468211,1.0
0.4548974599943183,0.01648124047177546,1.0
0.2106737802656402,0.7311342077530777,0.0
0.3346298142739635,0.20660096278810547,1.0
0.9538911629829643,0.31833942544424687,0.0
0.5615716406057794,0.3274930812658544,0.0
0.43667815953449596,0.5216918671945102,0.0
0.4217526877804121,0.15964321304557094,1.0
1.6965106420409606,0.5832309884183299,1.0
0.05077861093772596,0.05770725077688932,1.0
0.23884719707273905,0.4341193381086087,0.0
0.7670735055411302,0.7240137479957138,1.0
0.2436041618340219,0.022107719033251372,1.0
0.5555147948283157,0.7909088630521196,0.0
1.4978113951896714,0.295243172891977,0.0
1.6155681042303407,0.2711096753211809,1.0
0.21609599817583125,0.4276250186197318,0.0
0.27414231090902796,0.9072713918381654,0.0
1.8176489457502878,0.46391592321110486,1.0
1.0439094275181318,0.23943888341855102,0.0
1.3564659023396421,0.2842970154064417,1.0
0.28694438204806016,0.4565925830649913,0.0
1.54220532703877,0.4996181267339238,1.0
1.463672137481145,0.36461501999138346,1.0
0.09878709913107864,0.3474654071897306,0.0
0.2710182216038133,0.32189624843997144,1.0
1.8331532931076324,0.7688782138192843,1.0
0.08116815226517993,0.5003983448447095,0.0
0.34750984323740153,0.27956375421396173,0.0
1.454724844586609,0.5974396895199552,0.0
0.19368818781495523,0.26036152761058795,0.0
0.6937491852011304,0.9049373224802679,1.0
0.5308055775140021,0.5973676478897276,0.0
1.8594173797916957,0.03185141593178609,1.0
0.6546685750159247,0.9084071088202306,1.0
0.07048075137023946,0.5486423081397178,0.0
1.7506064623486086,0.8908072071930558,0.0
0.6533191835068666,0.0174247128429168,1.0
0.2210910540709914,0.13928992277705554,1.0
0.6719191601239334,0.050668914021872125,0.0
1.2168344078255033,0.13068925049969715,0.0
1.9451211378842386,0.7141838721184434,1.0
0.7098493225909308,0.4222932176879849,0.0
0.2643626217690127,0.2660758388148471,1.0
0.4404177188096521,0.16151851991428234,1.0
0.3295417929644999,0.7135455641593502,1.0
0.4596741235380555,0.19452473592283637,1.0
0.7574092806347039,0.5430207853097774,0.0
1.8349087409040352,0.8538749696384118,0.0
1.055255742363792,0.8052619145661913,1.0
1.528323939170081,0.25311453696862907,1.0
0.8789772987084952,0.7025074865404731,0.0
1.430118230411453,0.8361109171175644,1.0
0.5652678638417834,0.2613931095865044,0.0
0.06697586343221751,0.49566739976315743,0.0
0.2494353280933208,0.49298811481856797,0.0
1.7066214470174756,0.8020411881394455,0.0
1.4175031737203836,0.3565178101226276,1.0
0.23395119118450536,0.24407365558021965,1.0
0.014431200586101811,0.32458501871052237,0.0
1.166125542340064,0.2465565490314814,0.0
0.8135810618298298,0.4617560911644534,0.0
1.8400012333513254,0.7092093645043533,1.0
0.6278623995964454,0.5042929592544444,0.0
1.8250574475135914,0.8281125253276053,1.0
0.9256889080909878,0.006582095261540077,0.0
0.7651397590250213,0.5521904479770385,0.0
1.7321454457396588,0.9001201166887884,0.0
0.4371847354374012,0.3423237833139604,0.0
0.7616398799624851,0.8403703099989153,0.0
1.7263724569578813,0.8140434951158029,0.0
1.4507477462192053,0.5305318281204578,0.0
0.05160627431841958,0.680401738351028,0.0
0.8059894760107953,0.6582905609391968,1.0
1.9443036032287464,0.9132065260890979,0.0
0.1555820876995504,0.6676539527740362,0.0
0.9660875070252581,0.7469301997918667,1.0
0.8778417208036344,0.48001282004150303,1.0
1.0906758030811956,0.38929886492435783,0.0
1.2263195316817619,0.10934259898194687,1.0
1.3621799272608064,0.9785465153571804,1.0
0.5467720117738426,0.980558527874407,0.0
1.4061999992559928,0.3043107267076163,0.0
1.5547861459923253,0.8686451973829279,0.0
0.28431447108966745,0.2294507124136903,0.0
1.5562425666175193,0.16261665575384754,1.0
0.6153880495105961,0.5669227742722083,0.0
1.4217202690841104,0.8463710547647799,1.0
1.8297522755043574,0.7106774998903347,1.0
0.5180407654897834,0.8901605086532444,1.0
1.6989778121529913,0.5765677942276317,1.0
0.41833099766392823,0.03209349135567374,1.0
1.548588490590928,0.2401943164768111,0.0
1.0428262253194818,0.8102326447362608,1.0
1.4250130215643597,0.8155655020791178,1.0
0.7255499214936172,0.8682344640882771,1.0
1.8591951987424506,0.06612543625552025,1.0
1.6569844711054904,0.02035791988419733,1.0
0.4759309311769748,0.44838180733321087,0.0
0.5040793186824788,0.10499930816533554,1.0
1.6877952899728519,0.2589081644645954,1.0
1.4465557049784652,0.26004178581527804,1.0
1.053663120201309,0.1111405588322707,0.0
0.7405300704231104,0.14580136607630045,0.0
1.4474272732720785,0.37952726121421854,1.0
1.8713843845565286,0.8101823319571425,0.0
1.9071425661799395,0.9855325764407428,1.0
0.7975952642233131,0.4612134261223556,1.0
1.9247789328990532,0.644319877596899,1.0
0.030754876560647126,0.8389215132108023,1.0
0.5325595061551931,0.8285384154885331,0.0
1.4879105438504585,0.08270149705788699,1.0
1.5209347074005655,0.4518407568650744,1.0
0.13380751342431263,0.43031732863071404,0.0
0.16693271971696788,0.4785221768157467,0.0
0.08370138790010118,0.9889408732715925,0.0
0.6967354358551838,0.38865887281093814,0.0
0.8413907398983453,0.04689567777188086,0.0
0.3764468227053206,0.020716310004484484,1.0
0.8222102126572113,0.145945375651914,0.0
0.7326867969607598,0.5506899178381555,0.0
1.8451836647913924,0.9675662631579224,0.0
1.0940065995379256,0.8974161866070969,1.0
1.5542707498081736,0.42794076633428035,1.0
1.5751892105525396,0.7117566149422688,1.0
1.7520631735158114,0.7701092999293186,1.0
0.4406450363199099,0.5213540690389836,0.0
1.8071196956265736,0.3800653771952025,1.0
1.5374604857558758,0.9609986106195643,0.0
1.9387094859221654,0.6161131223141764,1.0
0.5539027545071047,0.5388973614187464,0.0
1.4503699953809543,0.8582463854419834,1.0
1.953688574710416,0.3105463179107112,1.0
0.45349856418560863,0.6065378909443472,0.0
0.31929115169057076,0.767086626739176,0.0
1.233572721810486,0.13815337203142508,0.0
0.575153438793635,0.3231328302825084,0.0
0.24500509735364262,0.6275845927676974,1.0
1.6344269787050725,0.8404348530070443,0.0
1.1559239126891114,0.8094645437621767,1.0
1.4641901898246943,0.19229055301764286,1.0
1.5914863547985294,0.922813915069303,1.0
0.1736797407411761,0.555935938558699,0.0
0.21733107524994955,0.5474668430363597,0.0
1.5705877612566956,0.22376610079276615,1.0
0.12387439123536881,0.7548627569417222,0.0
0.4163913786461326,0.46045382493061615,0.0
0.6287046914778418,0.5337521932437721,0.0
0.1211157959716107,0.6192396526019637,0.0
1.7497766721431567,0.281014626991385,1.0
0.562203034480526,0.5727041444616527,1.0
0.7519658346445435,0.4840046576771746,0.0
0.29921764599128275,0.6757579856178548,1.0
0.7641363179757168,0.99051297670981,0.0
0.3349238497156577,0.030083584490656512,1.0
0.8487556789707049,0.572220470584668,0.0
0.7312944198842377,0.9021693992009007,1.0
1.5253012509692008,0.4578388061749934,1.0
1.7014740322501078,0.6011107887128438,0.0
1.6378416390208186,0.21690118418368853,1.0
0.7783989201450128,0.8755488933820151,1.0
0.3340587078598174,0.4269275836923494,0.0
1.4565881508318006,0.2359667052735469,1.0
0.6373207712776876,0.9689788992884814,0.0
1.6581143659412754,0.9476304612970392,0.0
1.9981387711352134,0.5554214590063596,1.0
0.29876595518132265,0.49363147266869734,1.0
1.1953180890628576,0.0470771253727319,0.0
0.500902751779583,0.08451940489588916,1.0
0.4337941594848689,0.33707978119219106,0.0
1.3501536322620173,0.0935686974923674,1.0
0.7867797788895945,0.8233698396285638,1.0
0.9017641996407093,0.1871281829744167,0.0
0.28250930752056624,0.28914187566334426,1.0
0.4828259511840114,0.04418457495782202,1.0
1.8150736670172338,0.35470115938229085,1.0
1.9895670502717535,0.2821905389601219,1.0
0.32789812849053956,0.5848412770268777,0.0
1.2285526732369692,0.13007184570796315,0.0
1.2830549579635182,0.07998461330799311,0.0
0.3099468529103906,0.6521139578023316,0.0
0.9445085522993766,0.48603727062392776,1.0
0.37716044535628623,0.3480819775158197,0.0
0.9623318120895765,0.6290894963272002,1.0
0.6278736862946048,0.4728086950554614,0.0
1.8344249872104028,0.3114490269710479,1.0
0.7964361561033959,0.28218480101571264,0.0
1.6672202032280774,0.45067198238323325,1.0
0.7979809123345911,0.775887963367315,1.0
0.35687733851056636,0.9411629607950315,0.0
0.6318489748803653,0.500880801244441,0.0
1.2983597639019087,0.5997417519141283,1.0
1.687979825448224,0.42743779763285006,1.0
1.1006072822944066,0.36247447915052344,0.0
0.9801224271171296,0.3502420900955414,0.0
0.25718365955560185,0.22990167398141836,1.0
0.4486649713688051,0.9276893813815859,0.0
1.9185241607388734,0.7994607427119544,0.0
1.2614150403591247,0.9352078552835592,1.0
0.22877215145341334,0.9823450657583714,0.0
0.7718551901431421,0.6061560313078738,0.0
1.8633590456254223,0.33438849404344595,1.0
0.47127864892358895,0.9643143704703292,0.0
1.2158595103529213,0.7769362853881387,1.0
0.371880161447256,0.5613124855026828,1.0
0.6556401819331421,0.5860597678701879,0.0
1.46814345726115,0.19293282791650423,1.0
0.606445933677668,0.4360180108460001,0.0
1.980032967458449,0.9274221484844247,0.0
1.5402583675394705,0.6465773751389704,1.0
0.6275681057928142,0.9687164313546808,1.0
1.675408585368738,0.6828973208598673,1.0
1.510824095651886,0.21957536488547647,1.0
0.1348126164795762,0.2806441800890579,1.0
1.7608593542292261,0.05191877298368264,1.0
0.5237710424875972,0.8278259242318352,0.0
1.427791912849686,0.6002510384165175,1.0
0.08666487166806314,0.4379716747086304,0.0
1.7317485095800058,0.5234450159674917,1.0
0.433939496963464,0.06734078422392886,1.0
0.845881243584585,0.7795947928645046,1.0
1.708977432863123,0.6199870456344287,1.0
0.2907583913258054,0.6018042324595513,0.0
0.4403944759080729,0.6964547541447375,1.0
0.9820776107503719,0.7117768484589723,1.0
1.4728134347527087,0.5991126861494555,1.0
1.857291574243924,0.7070060161190156,1.0
1.7788504004595471,0.4284071630663784,0.0
1.1731559965737668,0.5643619299017769,1.0
1.5603993678066452,0.38680700809644064,1.0
0.12475089751638402,0.5615102857497644,1.0
1.0464281693193724,0.9212689228700665,1.0
1.2614317735891352,0.3532423800567147,1.0
0.8524356172577876,0.9275707303812594,1.0
0.71187601233255,0.20405977458352365,1.0
0.04898076599587298,0.35879416516426577,0.0
1.954497157628234,0.5459367362112615,1.0
0.15811271175830277,0.6807133199058192,0.0
0.4035608184142563,0.7588925873454335,0.0
0.3225049383403955,0.6679758703027849,0.0
1.1519303742331874,0.23709987272307687,0.0
0.01545354018885603,0.7053159003361065,0.0
1.1972464143726786,0.5437601126806473,1.0
1.0411912365414606,0.24869840658839326,1.0
1.2739296244776992,0.5752435565943095,1.0
1.614820510779432,0.4172406915933301,1.0
0.9453674463946726,0.5464698141210087,1.0
1.1407506267829992,0.759361553762501,1.0
0.39736965907118527,0.004509328245214439,0.0
1.81119844886859,0.9311851726241377,0.0
1.3979757409016182,0.9789330984102238,1.0
1.3381751990493675,0.429798353599129,1.0
1.1208400230908937,0.38866477832393775,0.0
1.8211979929419824,0.2678450279662714,1.0
0.6448784581554107,0.5826837115828002,0.0
1.5053736979029528,0.008318659502206005,1.0
0.3170145759828553,0.13341108386089517,1.0
1.6033898918214808,0.3610792310128532,1.0
1.522861109352298,0.9561525231942004,1.0
1.2506509855343886,0.05800866771528035,0.0
1.8436543962428997,0.14593135217722708,1.0
1.2358339469553863,0.4115704058035251,0.0
1.816832486013365,0.11045044300251972,1.0
0.9937621732935986,0.3850016330245375,0.0
0.8919759079203289,0.5950368394592023,1.0
0.8986953321398281,0.9671396534913335,0.0
1.0027845156193411,0.8914809815127168,1.0
0.8673059437911128,0.6155082189134095,1.0
0.5127944799483066,0.02232647581638969,0.0
0.15645349613848913,0.09508224141699229,1.0
0.11071258400882877,0.5371872562891398,0.0
1.805850960004102,0.9334820673931199,1.0
0.5999339627859045,0.6788552082057047,0.0
1.7406197880356282,0.6179003182293811,0.0
0.0479465918692017,0.03488679123770777,1.0
0.6100935262007803,0.7689897457864471,1.0
1.110895427866321,0.40220444876844674,0.0
1.4643783005805335,0.3603992360253149,1.0
1.0378494268129217,0.5953646784935128,1.0
1.596912043221638,0.8737350301754573,0.0
1.9942025275180708,0.9450628840472185,0.0
0.47175700599296944,0.26956189333278224,1.0
1.548741590630751,0.7021788294147892,1.0
0.47938672543727345,0.8008472875548985,0.0
1.1127865812331816,0.6476382588314956,1.0
0.9422198563196795,0.7121758839740663,1.0
1.7130967031010251,0.04741824256479532,1.0
0.9163367327845315,0.6895134596756126,1.0
1.7000387140889814,0.006132090224612474,0.0
1.600563874001201,0.7981562348615832,1.0
0.28172757707334917,0.10266765570106895,1.0
1.891290193358364,0.2706387190893218,1.0
1.6554249653720932,0.4050465560014469,1.0
0.6606551400687948,0.590706759893435,0.0
0.8960403551601301,0.6919288606357886,1.0
1.6250195869570656,0.15368294137176963,1.0
1.1847493852674644,0.3430952954920583,0.0
1.081460688459209,0.5416955392592631,1.0
0.001409510362332611,0.18981025760886794,1.0
1.7042671996894885,0.12925542587829675,0.0
0.07976409408403895,0.8818961667970463,0.0
0.22953932576645353,0.8185087309838953,0.0
0.9636798664823116,0.6444803313113636,1.0
0.1769072530918927,0.5681969962817762,1.0
0.61615728515617,0.6347541342616844,0.0
1.4623343447525459,0.6745590947854453,1.0
1.087776157435783,0.460647485099522,1.0
1.0330993217504696,0.2281614921499201,0.0
1.8975637801346565,0.3995020391272611,0.0
1.9679271136127288,0.7262555182004651,1.0
1.9759197870582688,0.04849164780361592,1.0
1.75871514232304,0.5005095578727665,1.0
1.9968323540162138,0.18945370198945488,1.0
0.872976415042537,0.9834265599293719,1.0
0.4236471950730467,0.18078842907959247,1.0
0.8945445648691406,0.6351659550154363,1.0
0.13144877755308682,0.7710759033894643,1.0
1.7770632524128138,0.2109476815984126,1.0
0.17012418188504075,0.09975951829606611,1.0
0.31804199012033263,0.8688083405857026,0.0
1.1118251374951447,0.5139299095389889,1.0
1.4280770653288637,0.7403072620498344,1.0
1.9822344987038722,0.06160306252662073,1.0
0.6422767677586747,0.5894991883014405,1.0
0.22011284237001294,0.5081361485057175,0.0
0.5165132110797093,0.42440649534678043,0.0
0.8139550655233005,0.6291965615750857,1.0
1.5772324263626358,0.5347010865167295,1.0
1.4152880199206967,0.7784017127907905,1.0
1.4737832502267483,0.16002880431943012,1.0
1.1787474729822345,0.3628084717190604,0.0
1.193682172041484,0.714400106687628,0.0
1.2099757600974617,0.6000104825176439,1.0
1.8799533785887728,0.7020277851590963,1.0
0.48135278412555493,0.7113169453204741,0.0
1.5702202685025775,0.5052285699393361,1.0
0.521160345286287,0.15048933894445238,1.0
0.6244023285924294,0.1660851473832763,0.0
1.4443254144438393,0.6115034330737434,1.0
1.5835544725635264,0.19798926178534304,0.0
0.41368878710467305,0.35414053515114996,0.0
1.872117110931328,0.7637685134176185,1.0
1.617283226314614,0.2624148718279322,1.0
1.150914765958997,0.08946281760526043,1.0
1.0561921950984314,0.7083735929120273,1.0
0.625330775058839,0.5531335061661711,0.0
0.016281298722988998,0.5749283798521879,0.0
1.1041410213448841,0.5250076105002098,0.0
1.9735321211900925,0.5185570253898583,1.0
1.3490292645285693,0.2802225305932218,1.0
0.9322162734492567,0.2798638679816663,0.0
1.0198753524781656,0.5674295585761211,1.0
1.8052563752505892,0.5495464733089462,1.0
0.7382270375012812,0.25175092645128105,1.0
1.419643412531041,0.8223516192321694,1.0
1.85246197725085,0.6152500879179791,1.0
1.3493385021462942,0.06653378519348474,0.0
1.7412037778651044,0.7293631189897334,1.0
0.0532673513820714,0.27419983773842094,1.0
0.15914439529477264,0.9263914647772931,0.0
0.9651437518015824,0.046776216047237584,0.0
0.5645756750586213,0.7052256845434893,0.0
0.8158746428232837,0.14657272912624675,0.0
1.344097666024689,0.46295837632340153,0.0
1.6975463928356596,0.28171306968931464,1.0
1.7768868572898178,0.9276336535024672,0.0
1.248503874279947,0.5264038040761796,0.0
0.04220842531664238,0.04971541612589714,1.0
0.49948864694946926,0.6087213978173125,1.0
1.3760304380267612,0.0550222496606908,0.0
1.4927441592629047,0.6982523795052878,1.0
1.5363821241265532,0.4005543288992438,1.0
0.1152459925210958,0.8131465351243959,0.0
1.9877139498781256,0.6138301640041962,1.0
1.4466507064695144,0.2573437821598008,1.0
0.6393628672651857,0.4097076138419954,0.0
1.0330767171431101,0.7267518836412624,1.0
1.7765469043178972,0.97372943677694,0.0
1.337972812057607,0.2858280076600609,0.0
1.421577217825443,0.8102323484911461,1.0
1.5748835379626107,0.7652551287691326,1.0
0.6195978594232554,0.27855029748637417,0.0
1.1678058276205063,0.7468944379848024,1.0
0.6167188489614084,0.11655060711600762,0.0
1.7268205822527671,0.020222817597914,0.0
0.0774322363713087,0.07261049221631433,1.0
0.5560938231858601,0.2657626925454464,1.0
1.6509396938199605,0.9360020634992579,0.0
1.295491794307072,0.8287604012787675,1.0
0.3056063121860153,0.47894175026384533,0.0
0.04102460364294647,0.2228886314389925,1.0
0.45113900983285826,0.406452700251852,0.0
0.808755656450697,0.5290096630826653,0.0
0.2845146115111794,0.5259204887599424,1.0
1.0451471941030352,0.8055658025750448,1.0
0.013279399494047217,0.4297625968507175,0.0
0.23647213246673782,0.029570903736594434,1.0
1.4799684647695055,0.45471748722288485,1.0
1.2795537193768574,0.808664990565738,1.0
1.2720493778104607,0.49162804349952516,1.0
1.8775156138655884,0.11749343666912404,1.0
1.9204972718737146,0.6624430085949001,1.0
1.5853813073492833,0.2376090720161952,1.0
1.0029201425389482,0.24918941090707047,0.0
1.813383383293527,0.6173835743039311,1.0
1.8516519036148795,0.2255484357543046,1.0
0.9282227662331539,0.31647090286732504,0.0
0.9258136934512762,0.881119737455747,1.0
1.8102680624725767,0.45326601455233195,1.0
0.7274471658231614,0.3730395070252235,0.0
0.7724259443337111,0.6695900033366733,1.0
1.2337755552060368,0.532194271689099,1.0
1.250322836348211,0.42186424718673843,0.0
0.8805015517157174,0.07373379949521963,0.0
0.8213111655853103,0.18973615462760596,0.0
0.6799645366401295,0.511750137024612,0.0
1.5667776567828717,0.516023143443631,1.0
0.8464679459762776,0.997549430892669,1.0
1.6105440447803494,0.7345663313196812,1.0
1.3088322480540249,0.240056782415056,0.0
0.50883419517102,0.9672862938387908,0.0
0.7905005248895618,0.20126575495365606,0.0
0.4065961192007759,0.7417076051858037,0.0
0.19713334725895318,0.4618361609714775,0.0
1.6004182327369743,0.8698833029834235,0.0
0.12198161470286117,0.996603840899911,0.0
1.417695670590986,0.7621268034126569,1.0
1.559638029590959,0.6210571724361522,1.0
1.5624483010061654,0.8361285705675272,1.0
1.9379443667692688,0.19175632066999637,1.0
0.92353872513413,0.30929979709085254,0.0
0.09263330295275884,0.28381176538254704,1.0
0.48126745012096506,0.4015261812982377,0.0
1.1559121448358527,0.5907684988651761,1.0
1.066883708061199,0.1637815781744738,0.0
0.00821598717813643,0.024671555091611674,0.0
0.968264540725702,0.7519535983455874,1.0
1.937263508837081,0.7863174353406355,0.0
1.9523668653479218,0.05040848079434146,1.0
1.7399912643430375,0.6929997928279867,1.0
1.018002803765193,0.733893241812013,1.0
1.2436889450119013,0.051927355756622884,1.0
1.1693017075354681,0.2582904457811578,0.0
0.5807771771320502,0.27065388411545455,0.0
1.8059515330858469,0.3073133051712513,1.0
0.06115597220152402,0.41457675071557687,0.0
0.3781971370715893,0.2844115145303272,1.0
1.5823927366940258,0.5725586473948909,1.0
1.551453705386851,0.7169210460427674,1.0
1.6556980263450483,0.7671299924623842,1.0
0.011309250756583067,0.9703449638036487,0.0
0.7778817922961556,0.7800736414062232,1.0
1.8795377509203284,0.8507909189167905,0.0
0.11061391870483317,0.1342064237839209,1.0
0.5329932504139694,0.8643950312395903,1.0
1.690887331324137,0.9309608251197534,0.0
0.6289834535097198,0.9086413330990273,1.0
1.0337613253825826,0.6363158483123039,1.0
0.4492385063474904,0.5897992390830887,0.0
0.1952763522801244,0.8845114937806465,0.0
0.8256011176159272,0.4550963410455916,0.0
0.5731344855702796,0.7880828214429034,0.0
1.5151169521366563,0.06878407616685156,1.0
0.2858633229935561,0.021072940783346428,1.0
0.7516175601338309,0.6604624659317262,0.0
0.8274890001118937,0.484435557017988,0.0
0.7068184337462606,0.7273380908420846,1.0
0.2752305873681866,0.3502879428156862,0.0
0.932504846258805,0.7876469009587677,1.0
0.6335713731448134,0.6595926143226006,0.0
1.518413095960599,0.4035998542528165,1.0
1.6498042757073994,0.45379686914341333,1.0
0.546715306915422,0.3013932302355652,1.0
0.4647135239271971,0.06568519944619156,0.0
0.34958589300912046,0.05167563097576322,1.0
1.4681679535126795,0.3466223551860079,1.0
1.9634482959158341,0.18573482733433888,1.0
0.3835030520177809,0.9071797608578566,0.0
0.5314690771776642,0.07892168238104835,1.0
0.8920004312842926,0.4792694231178366,0.0
1.0600497352548464,0.6373891745243025,1.0
0.1936636089865309,0.5183891112974927,0.0
0.8089246086559547,0.4453731306900144,0.0
1.6008087174138175,0.18065441015145112,1.0
1.166599539608506,0.02167652417196342,0.0
1.1972793776433277,0.4301909091160844,1.0
0.3697686320999709,0.32484781176691835,0.0
0.3121989526149227,0.7578766074061436,0.0
1.641030385792698,0.481392262573629,0.0
1.9390863318629186,0.3464948832259942,1.0
1.73509644668306,0.01455406503536627,1.0
0.686745025425552,0.2505711072633502,0.0
1.4921712455997254,0.43399916450678966,1.0
0.6104346369868439,0.968231980287079,1.0
1.4282766591233975,0.7509827176062583,1.0
0.4903939687552741,0.3559979859676553,0.0
1.622975173371189,0.8360690246579181,0.0
0.12356198961373854,0.76637812630047,0.0
1.5891002622180044,0.6761418799950132,1.0
0.8851030853010751,0.38697361462888147,0.0
1.7967582026352091,0.583924209815222,1.0
1.5363563885886988,0.5779681671135869,0.0
1.9565122447712544,0.9473607661571746,0.0
0.3247229447720523,0.8855916819183187,0.0
1.0082467189039837,0.09416886738707841,1.0
1.9332109122299839,0.4535565777162017,1.0
1.298578405294966,0.6261005367289103,0.0
1.5538284851908115,0.18364508698345994,0.0
1.9674213596090377,0.5284661150778106,1.0
0.8063735653950694,0.19395509551763723,0.0
0.14921401546606572,0.8552947436048158,0.0
0.07663687262805507,0.07280294216705674,0.0
0.361063599540673,0.7616287851697472,0.0
1.0916504780029894,0.05105877797464231,0.0
1.4794367829178403,0.057969090054085126,0.0
0.5902258130676501,0.8991202570561636,1.0
1.5779720644269521,0.5592468948795188,1.0
0.3631235725152606,0.5424303361219679,1.0
0.6879848544264824,0.5962091657272296,1.0
1.9206207659923316,0.17085615064276727,1.0
1.7675418188377077,0.47322634709695444,1.0
1.9402521705446374,0.002531521905468681,1.0
0.23769717367142643,0.79929841464996,0.0
0.6590575987506999,0.21754328800831735,1.0
0.3890136712087733,0.3129262917611284,0.0
0.6131694955475597,0.1608054329114369,0.0
1.3741422085626256,0.10023067452847967,0.0
0.5933040147467492,0.47983259087982455,0.0
1.2943281148590553,0.8850840010995664,1.0
1.651204284861723,0.4503580173103193,0.0
1.8382059697169626,0.18876799438158431,1.0
0.6284594216412851,0.9684400869965804,1.0
1.30487102981289,0.45028320325655824,1.0
0.3386914357128614,0.35755179998800746,0.0
1.29504875737199,0.10911678297293137,0.0
0.3536929850070676,0.8533783770222031,0.0
0.3681867465806219,0.9168829559186473,0.0
0.6187109916650162,0.319290576340327,0.0
0.4238568497450197,0.760732219795453,0.0
1.2084170971097188,0.38984435109111326,0.0
1.94438558755319,0.8091666665510072,0.0
0.5446740454503762,0.3863242995938717,0.0
0.8568100841105268,0.399507668689156,0.0
1.10325421943483,0.9208695001081233,1.0
0.10306143999299344,0.07654604365257289,1.0
0.07889710350161816,0.01923343414075518,1.0
1.8569098597295641,0.864947719864079,0.0
1.6400138955713763,0.8518371749302084,0.0
0.7786971234246614,0.20312196400604499,0.0
1.6474479748750424,0.7756668075625769,1.0
1.0556840277736133,0.5131731145489471,1.0
1.099928459209653,0.7877556474311517,1.0
1.3326660865362687,0.9959276028770658,1.0
0.7199600597222202,0.9636689768554229,1.0
1.455037908698644,0.7336247265534247,1.0
1.3939046357769287,0.991090031911361,1.0
1.0724964249785323,0.5736402609038482,1.0
0.8850806153039756,0.81217243848249,1.0
1.8013969968479644,0.3123158934655088,1.0
0.2991378993546081,0.4187202768171846,0.0
1.8546651347959513,0.9917768716312181,0.0
1.7704808012291295,0.2742729278318503,1.0
0.4638749740954424,0.9124427573458206,1.0
1.4936272969300104,0.7127385818205719,1.0
0.8040865983809697,0.47437773156192564,0.0
1.3738933167485083,0.7974037962088287,0.0
0.8390949352674617,0.006027739534331555,0.0
0.6563454259043147,0.34429969474369715,0.0
0.5752998078544211,0.09636009443338744,1.0
0.33820474323803973,0.7274425558351325,1.0
0.6938163848071881,0.4418268487565419,0.0
1.9610744956580135,0.6857268163529134,1.0
0.7637799630352737,0.18323035937994636,0.0
1.4253777791416387,0.5986408705745622,1.0
1.3710555790605008,0.5918925553990163,1.0
1.6067729031099993,0.4362973394691644,0.0
1.0366482700401332,0.4330998022017728,0.0
0.6028659595667061,0.9184082219185596,1.0
0.22417643579028554,0.35156320199129076,0.0
1.7338329929115763,0.47335590688239315,1.0
0.20362214950903268,0.8473401256441423,0.0
0.9053968399571415,0.310014679208669,0.0
0.26611746370598244,0.9123003578998734,0.0
0.6326408046392296,0.2952684599050128,0.0
1.3928882774841047,0.5006092326494347,1.0
0.7587673502611605,0.7859186256266224,1.0
1.5408625230564614,0.08875351836571865,1.0
1.5984784992307084,0.6842298836098035,1.0
0.40425781318705134,0.5952876658612105,0.0
0.1670482990716715,0.9150365150701228,0.0
1.8867173484761057,0.22910759864515595,0.0
1.2966865441005926,0.6009414943948866,1.0
1.6557055070907076,0.2734187396781451,1.0
0.530810219673705,0.9568028833429836,1.0
1.057347561223938,0.6336007682705186,1.0
0.02312551540294439,0.5473117328145121,0.0
0.5062981675297025,0.46947008945546087,0.0
0.9625857172271655,0.10133646133566665,0.0
0.629948606055653,0.9220009513527533,1.0
0.2822274996253882,0.9019094303745803,0.0
0.020155531234681275,0.8302223436082756,0.0
0.9876487652502253,0.2088714557368162,0.0
1.3251345599935445,0.11152318471796896,0.0
1.1179429174752478,0.5791722875421389,1.0
1.8792480988504405,0.5906062081274241,1.0
1.8066956086426376,0.7903682550427364,0.0
0.4531824302112031,0.5204716800002135,0.0
1.6153849715659505,0.9917273968444286,1.0
0.11045997001515695,0.3426321587007496,0.0
1.1030013788172568,0.852301622971186,0.0
1.3850098135398625,0.6658861618512981,0.0
1.6766768857985292,0.20716345397527602,1.0
0.5179535437241389,0.7472365659154083,0.0
0.8245368252371637,0.8821524231121323,1.0
1.2269897657418043,0.5877552455404308,1.0
1.8086171564952884,0.9461695365608601,0.0
0.424515116591452,0.9983200378678962,0.0
1.4691979675555185,0.7684442659173675,0.0
0.6036726533418482,0.9741078266687279,1.0
0.18196110295153956,0.9068859286549743,1.0
0.6283840218314294,0.43528004023766076,0.0
1.6043153549106517,0.2292890458411304,1.0
0.8123681074431197,0.7840160075437206,1.0
0.06141690671224875,0.4803719518201678,0.0
1.267855244667876,0.46832819454612684,1.0
0.08766460078642324,0.44191224742357027,0.0
0.0452029845566011,0.11866237020807968,1.0
0.3651834765461144,0.8823295419139384,0.0
0.16299762148819297,0.12894549678510847,1.0
1.25507504998804,0.5118469113060811,1.0
1.1700596705851012,0.7783449225395783,1.0
1.0750953812864898,0.8004528921343049,1.0
1.344216732272349,0.37053602823881504,1.0
0.5648159879696555,0.7935272615536584,0.0
1.9178921235813562,0.01617217697303941,1.0
0.46412366205386646,0.5956146074701296,0.0
0.8404896077585404,0.9701913786643713,1.0
0.4073516769336383,0.7617015423801035,0.0
1.7276444250473484,0.36549461235632974,1.0
1.3948768612750948,0.9146285915278347,1.0
0.6770271190903705,0.9417519175299288,1.0
1.8219132947661976,0.06895208352173465,1.0
1.0761568919073026,0.7797111047348625,1.0
1.009249288912258,0.5189272406231268,1.0
1.331363196912885,0.5558503028056279,1.0
0.5870549037814095,0.9906605648814207,1.0
0.48376749418673626,0.8466374773241853,0.0
1.0267813958926322,0.7715382623524952,0.0
1.953134331360325,0.8916956750100862,1.0
1.6898917305825591,0.5002565381430878,1.0
0.3534659648581484,0.10656588589957527,1.0
0.0389937338057078,0.710093809966653,1.0
0.6364781068882823,0.6054739454253101,0.0
1.7444886636239805,0.9461320755739863,0.0
1.2530696481165524,0.09214456500134782,0.0
1.8112274225195608,0.6770795141107665,1.0
1.4822726863287332,0.5759584627709681,1.0
1.1813784026301892,0.6071966773796039,0.0
0.40352006830747666,0.4278802689097665,0.0
0.45022186468502357,0.04691058241088153,1.0
1.989390529236357,0.6104925494495832,0.0
0.2250027362278446,0.39899356436888556,0.0
0.8482430062165909,0.9544751191976234,1.0
0.9931597827932239,0.30909463336616616,0.0
1.3709476281870696,0.8598239253578497,0.0
1.2435977229847786,0.16147783521047265,0.0
1.446766026461494,0.0034776584096402052,0.0
1.8635584342591358,0.9157853897523559,0.0
1.112708276494797,0.7411172247235558,1.0
0.9776205396414569,0.06757765354827627,0.0
1.5444685653567678,0.8766121625134826,1.0
0.637414768367035,0.2577123369395763,0.0
1.738506348017159,0.3919271668045631,1.0
1.774542139484273,0.3087485198361376,0.0
1.2077293030081047,0.5157739317285825,1.0
0.5489319324164414,0.05513469707732366,1.0
0.3493547461541391,0.2779942606973843,0.0
0.7395219333265888,0.08645834782471029,0.0
1.3796399394677223,0.15158506808697536,0.0
0.3714972570831707,0.7432605088477793,0.0
0.6004619027573186,0.7507524344834249,0.0
1.2122261765724198,0.32836113011516066,0.0
0.3836807458746332,0.4014779180211845,0.0
1.4726116178669244,0.14878637797688066,1.0
1.0984909225853834,0.3265208753136628,0.0
0.34340345652958937,0.5264080854977243,0.0
1.0913088027822575,0.09850272238061908,0.0
0.4829494259419531,0.6064428807133899,0.0
1.2672390555892092,0.5487761129056291,1.0
0.20910540907490383,0.4471744710551263,0.0
1.6257854933244325,0.9549014022213319,1.0
0.1328573752950408,0.5167920775161021,0.0
0.0050241615657955485,0.10269625220315848,0.0
0.3631941641947929,0.6412202939400607,0.0
1.2902489425841686,0.8692461979764637,0.0
0.6256335875447439,0.8986554518024302,0.0
0.946150898161747,0.5421201785624935,1.0
0.5091353922316884,0.1057579629816876,1.0
1.348445818877288,0.1138281934715315,0.0
1.0590471990451478,0.7225662233178273,1.0
0.06257509561373276,0.9115952903807792,0.0
0.8541623607756583,0.7802716450983733,0.0
0.37253095339193965,0.7793340076825044,0.0
1.947623332148128,0.4624805042323722,1.0
1.742537168177338,0.8173499843613636,1.0
0.40485284489434004,0.7378772425944096,0.0
0.050020768630132606,0.31051278804859617,1.0
1.7052377740023623,0.8430248883640226,1.0
1.1267544215772352,0.826839257745907,1.0
1.7388051733070429,0.9819129744050193,0.0
1.7846185391509168,0.6135724220552654,1.0
0.10716606876080403,0.07800593941917433,1.0
1.2876026500601065,0.1335351425400294,1.0
0.24690464086042008,0.3853925666838711,0.0
1.8530857921742057,0.42966125560401625,1.0
1.7128528800205227,0.3227249779347986,1.0
0.3020652345325443,0.7510697853018301,0.0
1.6136963733388945,0.30176752489287306,1.0
0.7194639234653015,0.5147045927011453,0.0
1.6066797706165423,0.7075241631047412,1.0
0.44280044659550355,0.3147649731045664,0.0
0.382201066139313,0.6587206206738241,1.0
1.1548887109997454,0.6574101206518331,1.0
1.9830347573437448,0.5708308875190081,0.0
