1.0545363500281209,0.1711233540153092,1.0
0.27477108792058513,0.9074572749048305,1.0
0.6336659139947804,0.32757063145536003,0.0
0.9148461419498595,0.9319969503583647,0.0
1.5938657011415673,0.4357904279400976,0.0
1.2386987228128339,0.13335355962787543,0.0
1.4920949227579978,0.02459247874441084,0.0
0.5307688018560706,0.5014578194449542,0.0
1.7017178863914808,0.532416171921009,1.0
0.8999530872344776,0.8999399185309263,1.0
1.9674983679634728,0.97309086821343,0.0
0.5496568440955951,0.7271968025454184,0.0
0.07067491989009378,0.2658356368409558,0.0
0.5961469045371017,0.8273271282199534,1.0
0.4335767266706858,0.21717388417237893,0.0
0.6356046284285766,0.49225603848256283,0.0
1.533253262357779,0.37265993040164247,1.0
0.7929151362458429,0.47657801158928736,0.0
1.7606124062739525,0.49831602506082695,1.0
0.0984635790838706,0.8901253314778862,0.0
0.10237137272140595,0.7251917499913518,1.0
0.022192147963013387,0.521947857535643,0.0
0.5950571338138273,0.43235763366336444,0.0
0.17019057705649887,0.6985384735413712,0.0
1.7297537840669268,0.2663663736411914,1.0
0.20051559044451062,0.9405974220145433,0.0
1.1921229827064264,0.1569871153482757,1.0
1.1576498083859554,0.006523668909811486,0.0
1.9914726098281892,0.4482824167584072,0.0
1.2251879946093975,0.6735832464894029,0.0
1.5284287766608395,0.9910783403727517,0.0
1.4670775893008472,0.9293082502430191,1.0
1.06796495068491,0.4448710255051497,1.0
1.2007617793073495,0.4963764567102681,0.0
0.7332734526001228,0.2998121272767328,0.0
0.5151993619108098,0.16986261650438417,0.0
1.2509677520161553,0.4235646983261331,1.0
1.716143373585343,0.4436996618702349,0.0
1.730593349945402,0.587294085102107,1.0
1.5831366125662403,0.9787761972044964,0.0
1.8666242924050338,0.33720948420059904,1.0
0.012591394510752751,0.4268370553386249,0.0
1.6899181679680173,0.5388301813262543,0.0
1.7778103503159113,0.31171634463182696,0.0
0.5068368671883461,0.6654977589473889,0.0
1.506481286772018,0.3846796561944823,1.0
1.8855271185189284,0.41426435183551213,1.0
0.8314004619713338,0.8946343342964973,0.0
0.3030567446892889,0.5667525025831747,0.0
0.9820945145633915,0.7376124498866672,0.0
1.6820900047624083,0.5349810405118617,1.0
1.5065300242323931,0.25513855856656187,1.0
0.9518828736508678,0.6436021798222903,1.0
0.7769064532258263,0.9517831991906203,1.0
1.3181218761546336,0.4744236289182422,1.0
1.8557992604079154,0.7949988698615069,1.0
1.2346028225991517,0.7201427902536022,1.0
0.844544914281464,0.8427206210968532,1.0
0.6913062390673785,0.31771346493636465,0.0
1.6868230766029828,0.9283214329046476,0.0
1.4540383969985755,0.024323034062261994,0.0
1.3001425539537634,0.21401790433696155,0.0
0.9354571091853598,0.028521757973075434,0.0
0.2965448389491194,0.2106275550308666,1.0
1.2235292644096256,0.8333973707499085,0.0
1.7112817126946744,0.8041937437903203,0.0
0.37540159407182405,0.04602128478151746,1.0
1.3067628331770365,0.9577063995593216,1.0
0.5283008090032764,0.027326309432937124,1.0
0.4774927466349319,0.5958429318628534,0.0
0.09465645212517515,0.0975182782020717,1.0
1.204515151945509,0.75063263515397,1.0
1.1461920077435275,0.9031208190633635,0.0
1.6618250753507706,0.3470877419575553,0.0
0.8449887282439122,0.26398673333763434,1.0
0.055698018650758074,0.9555030665030793,1.0
0.755391866899032,0.40534491805008854,0.0
0.9757647978866226,0.8656419115351919,0.0
0.2206734732982123,0.8210132900840308,0.0
1.9288160719069543,0.0995693379159972,0.0
0.8350379681266473,0.8916196926102183,1.0
1.1506500306802585,0.9043830241430769,1.0
0.49362926986871747,0.3042593908781286,0.0
0.1863041244598138,0.7022772968433106,1.0
0.9704246398375636,0.008281028393517631,0.0
1.704021692278369,0.43312030245753363,0.0
0.06308198943001209,0.7565925530234714,0.0
0.4871939438968911,0.9126760151984513,0.0
0.8620113945420107,0.607737897374263,1.0
1.7265403426877837,0.36526500824772967,1.0
0.03692953748246186,0.8932244631302662,0.0
0.19729073779697837,0.6316573137419625,1.0
0.22714968595776353,0.8795134967766203,1.0
1.2159602781140901,0.2910924174612225,1.0
0.08229214706963184,0.2912390787974628,1.0
1.1142102379337906,0.9342478036999342,1.0
0.24373751855309944,0.7225162510420214,1.0
0.9973835420079431,0.4445127300348293,1.0
0.5445649490850399,0.10846037526005825,0.0
0.7283224331504001,0.46411790155056787,0.0
0.44490903089085476,0.7560619443477208,1.0
0.8173777945954681,0.8537159073002257,1.0
1.7477526885838668,0.9206648977688062,0.0
1.874189480527125,0.5632930987488469,1.0
1.5275187690017173,0.8335302885883404,1.0
1.8704562719832782,0.4455460875688442,0.0
0.46645498598620816,0.8609307832480891,0.0
0.5285157846566448,0.1304538654957812,0.0
1.573878611344998,0.3404074039323117,1.0
1.8043726664759772,0.5313914262009382,1.0
1.877145434712759,0.3403237272530507,1.0
0.8710445246936722,0.02865446116034076,0.0
0.9500737271867734,0.5686792145542794,0.0
1.7011922054147595,0.5135579509410336,0.0
1.7034737023187487,0.8576997243220554,1.0
1.097960047570169,0.6102422271352916,0.0
0.5202923058440279,0.394543654160157,0.0
0.317744806450218,0.07998676844673902,1.0
0.571417955215983,0.1880891129643768,0.0
1.2123678129367486,0.10813544233612427,0.0
1.3214085148925763,0.18690484177618694,0.0
0.24358828464257454,0.8462120019294374,0.0
0.24043863698332582,0.5928970041566788,1.0
1.576453648247864,0.19184597156868222,0.0
0.03885381571037216,0.40127692487893507,0.0
0.5701029930916033,0.8857846314900947,1.0
0.5859991356625462,0.7764865534378611,0.0
0.8754755843417714,0.3254143282655392,1.0
0.00122408749251246,0.0642598383835925,0.0
1.6642903440298529,0.12778633887839008,1.0
0.14843046702158258,0.6042979332491548,0.0
0.2625461959660016,0.6300892772002556,1.0
1.4551922919725961,0.18132058701468978,1.0
1.6197129023207848,0.8929219894021736,1.0
0.14816381522753508,0.8207385371721749,0.0
1.482523780587206,0.26688285205616236,1.0
1.0226339199999441,0.25916919268862504,0.0
0.6844356122033894,0.6333636256631725,1.0
0.30426661290342616,0.15293165523907726,0.0
0.3870075630751111,0.2734485838712012,0.0
1.507863677039699,0.49776847051753004,0.0
1.1810758614576051,0.301611013551523,0.0
0.19487982258212488,0.9514996460258641,0.0
0.10774286521847687,0.10403798561701039,1.0
1.745305515545593,0.6427285743610675,0.0
0.22159428142614024,0.33817434396683477,0.0
1.2355314973057407,0.4659618815161861,1.0
0.18332457079919526,0.9946404222557157,0.0
1.3350971158502167,0.05292398137314902,0.0
1.0135224508197058,0.6116918480222427,1.0
0.6421475966169734,0.02366343458995268,1.0
1.2079233593909124,0.6875854943972451,0.0
0.023088736643417148,0.6628929875488961,1.0
1.804972818845505,0.8627924406534494,0.0
1.5475930695071112,0.5523232556422552,1.0
0.12311791138468764,0.3421928353139416,1.0
0.07664718758875023,0.20707305299007317,1.0
0.9088371444936074,0.7764695782921873,1.0
1.4264235398952427,0.7619420058111511,0.0
1.9454762714166716,0.22455458481538604,1.0
0.8365476800874221,0.14186495922287745,1.0
1.6000730322992385,0.6917995495153637,1.0
0.731851617938442,0.2756072250165871,1.0
0.6186821428381435,0.9825119408000497,1.0
0.783756876925668,0.6326171883827401,0.0
0.3296913727100792,0.20398601594407695,0.0
1.2929182283897482,0.2348671627828136,0.0
1.902099189700311,0.1471809763522417,1.0
0.4936909911536118,0.2862745978483542,1.0
0.1651946216003377,0.7611390750945246,0.0
0.5103861299145942,0.18293918111498153,0.0
1.089600725561143,0.4262863035524278,0.0
0.711148283181908,0.4455306558724338,0.0
1.2272538820400145,0.082298462090727,0.0
0.772175754533408,0.7227865021918313,1.0
0.9941614738141547,0.696561864696358,0.0
0.3250621377041045,0.8830001639623073,0.0
0.6271262755485223,0.9139798154559318,0.0
0.9977646771822144,0.39801152184557487,1.0
0.6295252015475866,0.7370677972637825,0.0
0.7360441588402955,0.9106615019505526,0.0
0.14150285290732878,0.4572725472774174,1.0
1.2685695800256938,0.12545698498782443,1.0
0.2350706493546515,0.7870747702143046,0.0
0.15089583520832628,0.9367887010219016,0.0
1.8688999602097867,0.19980804871693558,1.0
0.9125931228078223,0.4645912059902457,0.0
0.22091115338573286,0.6167290865094919,1.0
0.08490467127668522,0.9012640557566938,0.0
1.0868341413033116,0.45680758036769076,0.0
1.4627435448939448,0.6138172180685968,0.0
1.439345429668202,0.09421334024837047,0.0
1.1152051028143832,0.03238070291461881,0.0
1.499706914840717,0.3920963777180503,0.0
0.47569791898623004,0.39370826946663173,1.0
1.2202689791268329,0.26549993829509055,0.0
0.5882598481885088,0.24422437259190943,0.0
0.20642434519471034,0.5366059200958601,1.0
0.7118044497394285,0.41269856022854357,0.0
0.00045091168719668673,0.6466134558744662,0.0
0.7619214240358108,0.9115510793792222,0.0
1.582128462710787,0.4915752248073433,0.0
1.036319464301198,0.3786302068285794,1.0
0.50969483124278,0.02245834412362202,0.0
0.755022076847353,0.9333537385551197,1.0
0.7846372092434821,0.21519445949449123,0.0
0.2288869816443484,0.15953765546060672,1.0
1.2461876317043206,0.31237334133575745,1.0
1.8415817548249351,0.5162812184450906,1.0
1.4251636627676796,0.4089743291558068,1.0
1.9953486150583646,0.44745191571449183,1.0
0.7762706855044148,0.9438058381869283,1.0
0.18312318111625392,0.1631012912552693,1.0
0.2751936057545148,0.13167558455944572,0.0
0.6634431020128987,0.4401648322704389,0.0
1.1213279675680419,0.7279126421186275,1.0
0.4891202864649451,0.3923236175735335,1.0
0.3167631788846772,0.9218580960287089,1.0
1.4187448340833335,0.11373259437166083,0.0
1.063486963335672,0.5100846341940675,1.0
0.10169473330599343,0.2337386087366411,0.0
0.2276902309516371,0.8909906175454879,1.0
1.188608405090594,0.7332562540438998,0.0
1.5439804598232862,0.7278832210083546,0.0
0.8831300136504407,0.30896345574141504,0.0
0.22884263079548536,0.7589111899377473,0.0
1.8607707688350874,0.39121751618436174,1.0
0.3488398369978094,0.4506235519587263,1.0
0.575924186745131,0.6293750101654033,0.0
0.5530392369369488,0.4137701824598303,1.0
1.546630615086294,0.5107631056442915,1.0
1.422391793977326,0.17709275451933082,0.0
0.47468958605466893,0.7611606656806491,0.0
1.5919592427981157,0.6210395137272988,0.0
1.894509280002405,0.8825238852159998,1.0
1.5999841910740509,0.9755566651910191,1.0
1.5292831278824142,0.6198364170719812,0.0
1.2155306473233116,0.8357686384728462,1.0
1.821826179847045,0.30425514172980916,1.0
1.6925486024246255,0.713713160890347,0.0
1.4441704122978427,0.3167260280887556,1.0
1.6816204044929692,0.9801348119088341,0.0
0.5351557071118287,0.5862316381229666,0.0
0.0743984764813217,0.281079960612613,1.0
1.7337587107659866,0.8924848660848135,0.0
0.3802952730134137,0.19958619842209457,1.0
1.8775360113700932,0.3512795127653173,1.0
0.229243303477765,0.42367036305089834,0.0
0.5173718018914928,0.10792629732752212,0.0
1.6623023494263458,0.33535110611313035,0.0
0.7381267879979696,0.7901398745367656,1.0
0.9112640217393564,0.05803062188986885,1.0
0.7337950841021659,0.4746201847165139,0.0
0.3740424019123749,0.6696266651662924,0.0
1.309307158049371,0.267190494829181,1.0
0.02638050847690465,0.9500883329473554,1.0
0.6560415105354316,0.08234722180231369,1.0
0.39244277419314044,0.39611154343167054,1.0
1.7687271357829144,0.6683750589792821,1.0
0.9325267408353208,0.4776231094896183,0.0
0.6306659818197446,0.5667469311745061,0.0
0.8355490410310713,0.03714052577672389,1.0
1.9605459294710406,0.2906533582315576,0.0
0.8336944303351399,0.9982522450617847,0.0
0.015209741298336965,0.1902554979832377,1.0
0.2746837962221955,0.734926020098427,1.0
0.6238581537905739,0.010867240370351805,1.0
0.4802061285309343,0.45543318117909803,0.0
1.8040229626984667,0.7655550484913468,0.0
1.6081455208754092,0.5146635713464871,0.0
0.9719219146982512,0.04442258631097962,0.0
0.25196759579642936,0.28875078750232963,1.0
0.49164246991068317,0.21094755417613031,1.0
0.7021017720282319,0.01235692370087016,0.0
1.757361695714078,0.9144125050023447,1.0
1.8579823264338278,0.7814326494070899,1.0
0.5565582176237422,0.6828364675983987,0.0
0.21402649317735745,0.10337176762569944,0.0
1.7590831381601832,0.9020806406354757,1.0
0.17933741001387604,0.06878415650734993,1.0
0.5051184361199412,0.7014250171893472,1.0
0.11841109910895908,0.19960332378557555,0.0
1.6194487400936302,0.13080574647105703,1.0
1.2918720116603015,0.8104308040724216,1.0
0.34926974393706806,0.0922112489182838,0.0
1.7294944466234339,0.17939510558300775,1.0
1.9095868116967503,0.36626960280867493,0.0
0.22946427699588948,0.5438112570197967,0.0
1.3152744951049165,0.7687063907619982,1.0
0.007829373376660786,0.8776690407228611,0.0
0.4785927336675815,0.9199286550252058,0.0
1.9030089154150698,0.2279335334522774,1.0
1.6682045792031766,0.5256000363203881,0.0
0.6554733342575532,0.7629370465297703,1.0
0.3315006894856012,0.2618651965674216,1.0
1.681846443926698,0.2744679396226518,1.0
0.5665268042540217,0.7649759056562131,1.0
1.294550173890742,0.10946963200053028,1.0
0.291909359613981,0.4441397081471543,1.0
1.3675784679161866,0.510998757990536,1.0
1.2727170338783702,0.4774403417475023,0.0
0.8807681254597479,0.6452000549922129,1.0
1.7424688912363504,0.42903177982413465,1.0
0.0036524976968357326,0.5836514751595957,1.0
1.3358146786733758,0.2993280431850335,1.0
1.826959408439012,0.2390192167166405,0.0
1.1136701430804898,0.0713408463815165,0.0
0.9716910400237415,0.4439119699737427,1.0
1.9561130900978656,0.2972262135621505,0.0
1.3288620892183212,0.8776561425121003,0.0
0.8229098918448354,0.466550195562187,0.0
1.5184307499302008,0.6409193197345602,1.0
1.1481460983134473,0.6863377030490616,0.0
1.6149744207431107,0.6334703107348905,0.0
1.4060683233583164,0.9891932932267585,1.0
0.6076865130090765,0.730041071529321,1.0
1.8852281649550975,0.576796166169991,0.0
0.2527677021605752,0.9627299836291039,1.0
1.838723038626843,0.517599986242445,1.0
0.4205417342778037,0.29944684875610705,1.0
0.5167148631145131,0.8535366786010078,0.0
1.2617439351862287,0.37345972032467534,1.0
0.12816601603608624,0.25684813905853343,1.0
0.25701393792914207,0.34230608586392575,0.0
1.3519436775079214,0.9014564971076761,1.0
1.0984149776159353,0.2851445629815411,0.0
0.8417191500068237,0.8991152342693532,1.0
1.9595469323019603,0.16797297643819042,0.0
1.5714307802065512,0.504654061614455,1.0
1.302317287412732,0.462274304681886,1.0
1.8476094361877133,0.2595535492884804,1.0
1.5389396107918751,0.5799694200149722,0.0
1.6466846413531186,0.19848474646176506,1.0
1.2340636555108517,0.5243880930609987,1.0
0.1265209879604885,0.026502128958044713,1.0
1.7695167280113835,0.7115210461059314,1.0
0.9764713266688314,0.6984796112539048,1.0
0.9195832557033541,0.7471906661876511,1.0
1.5651776253649075,0.19032321807466324,0.0
0.7657558151040393,0.6939172573733411,1.0
1.228213895432523,0.39551699753055214,0.0
0.04186064415837842,0.44323424253765975,0.0
1.4857955121489452,0.05108965729897774,0.0
0.9215064437380247,0.4849927142851469,0.0
0.7282359713642093,0.7623207750880748,0.0
1.1040650306489688,0.633051395962095,0.0
0.4804860480212696,0.6254641299918997,1.0
0.23634860456637896,0.47276653646748834,1.0
1.393157127362484,0.7699841337575534,0.0
1.237834324344103,0.23087743804797278,1.0
0.4235844440084571,0.459066268075509,1.0
1.19689601462562,0.1724635128773001,0.0
0.4061980189501637,0.44613437244213194,0.0
0.17161753179804462,0.4992835401516602,0.0
1.93153346136641,0.40663759561960866,1.0
0.054663277565045965,0.04026686580255856,0.0
0.7946130865630427,0.9360522000144605,0.0
1.6743777905274313,0.30454123503120467,0.0
1.7834780068958844,0.49046003161360063,1.0
1.5674104954796604,0.9156235158812368,0.0
1.2266549371637867,0.6842606787481238,1.0
0.397708061236129,0.5168251932819419,1.0
1.9632291900043184,0.2191741212138829,1.0
0.6544036217422466,0.4032892715292229,0.0
0.41387339733367656,0.12959079954408248,1.0
0.99161282161611,0.7959677000887879,1.0
0.8639525658753797,0.23267765984789235,1.0
0.22201327356064904,0.6527451169130964,0.0
1.713207927746248,0.34821446732057615,0.0
0.8545793105977162,0.6831082290764002,0.0
0.31285774503484753,0.5790006186990265,1.0
0.49565592447323237,0.7097258326709613,1.0
0.795275394677182,0.5733140375261883,1.0
1.7549751296852232,0.546353774222184,1.0
1.7744109628737053,0.15505833645569633,1.0
1.0830822144793126,0.34582596385333997,0.0
1.216956934806044,0.741702579946374,1.0
0.3002965232946664,0.7567977317147286,0.0
0.30080437221590306,0.32890243986751533,0.0
1.7436013619724644,0.2020288231049776,0.0
1.5972797126529852,0.29100240420411616,0.0
0.056347566869989325,0.9012426614181498,0.0
0.10596261239629624,0.7051158171211568,1.0
0.9353547707195562,0.3384998585190748,0.0
0.1222323932834315,0.5260124150120007,1.0
1.611971556456992,0.4622121604784295,1.0
1.9831910845740068,0.8655096491439839,0.0
0.32177958538879503,0.8687584521651945,0.0
1.8398285579610067,0.7537390635958826,1.0
1.2202500667005935,0.6791807370208245,1.0
0.043337124214192,0.1436299561473694,0.0
0.8222590748383098,0.3692036279034894,1.0
0.6032094674912718,0.7517249244850925,0.0
1.979125904185012,0.9977397469382052,1.0
1.0579749129401101,0.11357416060291081,0.0
0.08393855390032189,0.408567192566444,0.0
1.382788165741716,0.737016326729805,0.0
1.9007653976413057,0.6922871724014071,1.0
1.5788546043708949,0.6941410043583883,1.0
1.477050352279465,0.1163391561168271,1.0
0.8285349257153205,0.557418100843952,0.0
0.8644061036677233,0.47052028729033424,1.0
1.1246290329665807,0.3206032420837833,0.0
0.11633851186952371,0.8908942878338122,1.0
0.6135787393586086,0.6108256430061801,0.0
1.4957189052196904,0.6594955166693903,0.0
0.8491338165900157,0.7039061743424303,1.0
0.0741082055434279,0.39410879423730427,0.0
0.0775073738537626,0.20538553517058755,1.0
0.6289800864006152,0.211184992297471,1.0
0.004613004309224289,0.40503981575673775,0.0
1.445124705721217,0.7134059941035135,1.0
1.7794500634933188,0.2604031674263063,1.0
0.4582482701134225,0.9271317138226014,1.0
1.141672031536931,0.9900446327296298,1.0
1.7061972410936426,0.8021525923766067,1.0
0.23018689278719573,0.7409271575376792,0.0
1.0743348744118904,0.4324834350878669,0.0
1.0692495589361368,0.6773373876386841,1.0
0.09471296150492559,0.5731308866938531,1.0
0.8733614840684931,0.506202230327228,0.0
1.315947110680026,0.06068884820716913,0.0
0.16818104748748497,0.14844920054102428,0.0
1.9080241262881976,0.7735156109000054,0.0
0.25887794940885905,0.9094111021477244,1.0
0.3944432829073985,0.7589829316341978,1.0
1.0404103502384836,0.4395524029357051,0.0
1.8580401076718824,0.9158591929979248,0.0
0.3315794520479485,0.7824001448102685,0.0
0.8091595688480042,0.9351906998044744,1.0
1.8073322901937305,0.5365683661691999,0.0
0.7000606828065707,0.2730361317170156,0.0
0.6169497898924383,0.2738085403422842,1.0
1.5090834023196738,0.6588914873064764,1.0
0.9968909519088367,0.02327417364577311,0.0
1.1602695619703256,0.07861679639623109,0.0
0.2934817902669906,0.8054725024267195,0.0
0.3512224749237962,0.9106687656397258,1.0
0.500296758451725,0.9612856690854551,0.0
1.776098678119399,0.5780319325602145,0.0
1.4058885983700213,0.7882522894138475,1.0
1.8419031529088163,0.10187601001151103,1.0
1.8697758483873876,0.8860838855968969,1.0
0.9603415321714635,0.578445863852162,1.0
1.7484931270849262,0.9162881276446057,1.0
0.4697519375824737,0.22425366688324289,1.0
0.24843239741384027,0.3593290124205647,0.0
1.6885848124965233,0.6187917009539285,0.0
1.2701055138893889,0.608352433631012,1.0
1.7746696672215865,0.14748249800334656,0.0
1.6128905390400405,0.4760579942875761,1.0
1.774680598838796,0.16023138418881155,0.0
1.7807483491916702,0.6560148242039598,0.0
0.10035016218262993,0.3290498558845393,1.0
0.4023374606849153,0.5414000386435087,0.0
0.9364460411060596,0.05971629833729053,1.0
1.802095879359211,0.8270599815286233,1.0
0.23991179647810634,0.08744350922574706,1.0
0.19199337962518626,0.8290816103795865,1.0
0.14404166813017127,0.06249821786531795,1.0
1.2309817381997301,0.6696902437964025,0.0
1.7161878892133988,0.5815386310045316,0.0
0.7726474100585694,0.4166744288373825,0.0
0.6205468888849122,0.6477263694874701,0.0
0.3928776703422592,0.8856468202907728,1.0
1.5940459465835526,0.09505790893003163,1.0
0.7620585472969801,0.22928498181885704,1.0
0.2094552474827973,0.23326830760922312,1.0
1.7458443148208873,0.047202936855873734,1.0
1.781579729429893,0.6661602676109519,0.0
1.333858184671249,0.6335278176240389,0.0
0.6022061965629752,0.49679172178599307,0.0
1.9705334571673705,0.4875295633468466,1.0
0.42964935679853467,0.48224513828252624,1.0
1.7786289522113354,0.5778539640096962,0.0
0.30555584922853973,0.7247281646603801,0.0
1.2106996817652282,0.46511710298205033,1.0
1.325833074284091,0.5398004738812987,1.0
0.1450990947396511,0.18371704111329934,1.0
1.045059883582123,0.7157447024673412,1.0
1.5753999930926061,0.40608893424159265,0.0
0.9284025889719594,0.2782304783311538,1.0
0.9081417028786702,0.3310549996383835,0.0
1.487883902841786,0.05472121257579188,0.0
1.0591820802219427,0.5945578482232745,0.0
1.6000997249230617,0.6948057031158044,0.0
0.584199024552212,0.9129503491001125,1.0
0.3661994089813452,0.9391045265661011,1.0
1.726929531266564,0.41013331986251267,0.0
1.3202301885146157,0.06485703098770257,1.0
1.6003701410345195,0.48290925578835575,1.0
1.8352380909455928,0.5810315810611278,0.0
1.9755303982443841,0.2951068319401271,0.0
0.4656700367660198,0.2719992354306111,1.0
0.5972189512296597,0.6476514491055899,1.0
1.4746177463217247,0.8569322381183943,0.0
1.637612668275454,0.2218832071256983,1.0
1.1455976652386304,0.8730089116770673,1.0
0.4129791330846069,0.05491148647734834,1.0
0.8056802963885834,0.7295543594309989,1.0
0.36152360858345567,0.9440071142675522,0.0
0.14989001940150803,0.22945014502759908,1.0
1.5881290583558658,0.5976444741819766,1.0
0.6891052320077204,0.9072916810005286,1.0
1.2005561273826502,0.12856476417289076,1.0
0.6088204232064007,0.573309024104406,1.0
1.2798960426991042,0.9938043316767973,1.0
1.5937159735419726,0.5335812788593195,0.0
0.19443558011258744,0.7195445210854866,0.0
0.062302821096454686,0.10969407967713085,1.0
0.5393195905701149,0.2665350301503553,0.0
1.6942256991117688,0.2203353799736948,0.0
1.9021582849648033,0.604267306725007,1.0
1.6888841396536736,0.09087285712406123,1.0
1.7150317015784535,0.7011648412395144,1.0
1.629167645754852,0.09388679980020331,1.0
1.860276839411989,0.3531192716013779,1.0
0.4413624432014207,0.8341283011772946,0.0
1.0097382841891178,0.9585658372083435,1.0
1.319334507274449,0.8926069648311212,1.0
1.8778742771301982,0.4615834968561777,1.0
1.0573953051851337,0.6518666855674065,1.0
0.6303503670326078,0.6484073655769027,1.0
0.12829231024672882,0.9947024686032823,0.0
1.3800089750103142,0.108187848601346,0.0
0.9734827098898848,0.7778646963426744,1.0
1.77004809478841,0.2504908828994995,1.0
0.10228584062709989,0.01494120925397635,1.0
0.10027721130353084,0.8476800949197921,0.0
0.5480948058625277,0.7795801156545439,1.0
1.4833688592928886,0.8591491212774377,1.0
1.4285698513290443,0.6995756677612659,0.0
1.1405763286148973,0.52969244819813,1.0
1.4231402131638793,0.8057291353302172,0.0
0.5422672553550054,0.60865629935755,0.0
0.9435207237282695,0.01573500666067984,0.0
1.357923953760815,0.564250785513772,1.0
0.05134881202604768,0.29876282097643037,0.0
0.8025349753875322,0.20691343296293196,0.0
0.2566952773058755,0.9120962236892316,1.0
0.6969817712761983,0.0869297728670968,0.0
0.4070841206610287,0.4640119600645668,0.0
0.4511694537359665,0.14039323268619996,0.0
0.6429966784315306,0.2504509026956734,1.0
0.8682771075170712,0.99613011237534,0.0
0.2603899225855735,0.7763535036446532,1.0
0.5309783597535456,0.7386693187877282,0.0
1.3049357478433188,0.3087441317400603,1.0
1.8202907448605565,0.08097589537826422,1.0
1.4776014476391561,0.45806187648632557,0.0
1.7063490148456344,0.5958806953812542,0.0
1.2071342515437804,0.05528574759995042,0.0
0.4324337519179162,0.35364780175533417,0.0
0.9997434830290841,0.17248428020209738,1.0
1.603200438814864,0.9823656949075518,0.0
1.3857474456664298,0.7165341723401132,0.0
1.7418050230006061,0.9560331779215457,0.0
1.73226614378617,0.3920924715900632,1.0
0.39818841444220765,0.3989304336042355,1.0
1.7371536679221782,0.8570437399101121,0.0
1.2577757577914506,0.9997186192727889,1.0
1.805153958219283,0.6998247958941702,1.0
1.065648209245892,0.8003342415326612,0.0
1.118903749751934,0.8739236662638589,0.0
1.3842169602605408,0.11375954616116657,1.0
0.2591459965555052,0.020075152592122558,1.0
0.14515100672409198,0.6308347245643938,0.0
0.8978712778555558,0.8904454969000938,1.0
0.8447671259335852,0.6564138671954902,0.0
1.6736096365020885,0.4419550173270663,1.0
1.6739341784062136,0.28273325295660057,1.0
1.53532177633783,0.8216532970843426,1.0
1.799202738515034,0.4977746041053249,1.0
0.1615254090763245,0.6611220083913396,1.0
0.6808524898764705,0.6993093455854301,0.0
0.14171358865728867,0.7879062351687636,0.0
0.8475077155490724,0.39042951003365545,1.0
1.7012003636019788,0.7478723613500914,1.0
1.9058875729854796,0.4771496881068502,0.0
1.1526120953517636,0.5613086629149536,1.0
1.263884399876782,0.9129580866615068,0.0
1.4976002902722394,0.6515144035022914,1.0
0.508640644148386,0.7263754449976929,0.0
0.7744335628385364,0.23977699180384449,1.0
0.6140871838758357,0.9239909400209172,0.0
1.1800657464109756,0.842056942740811,0.0
1.1932749532040787,0.798398449969388,1.0
1.94315353770615,0.41397306251069854,1.0
0.20556256351166424,0.42612765740732095,1.0
1.339365207106343,0.32684549312017286,0.0
1.6073595079573055,0.9472297891520035,0.0
1.6994503053334675,0.43290304183265993,1.0
1.5046319446940069,0.9119880290383552,0.0
1.055400116678135,0.46976283923996776,1.0
0.6463275353471378,0.6383643444575653,0.0
1.0022485770587526,0.6527634760636623,0.0
0.6192720569512467,0.48381840992194625,1.0
1.156724099840227,0.039454716451988836,0.0
0.8179295959161081,0.010115170547284946,0.0
1.7067361531957728,0.7285859339591784,1.0
1.6588821623450478,0.7515395585010973,1.0
0.954419193550381,0.936236654204424,0.0
0.3020082055447848,0.9452765706370692,0.0
0.6146828496669672,0.10818749584031306,1.0
0.74916423014372,0.2969880687584139,1.0
1.5716674997819962,0.6483951297836843,1.0
1.6614796433464276,0.41126144095930284,1.0
1.2174170667888145,0.38997066841782135,1.0
0.03231718965219765,0.4676160975503978,0.0
0.5921262943877956,0.19957858339743872,0.0
1.351156701355118,0.35963327391052446,0.0
0.97232127197282,0.8664137379937412,1.0
1.1482922329035157,0.03195481343804252,0.0
0.47589349452647567,0.13251450002650156,1.0
1.0777899792151573,0.8510110446696612,1.0
0.11206710375372621,0.6216610061553287,0.0
0.6902759988273177,0.35592330935611294,0.0
0.7786975374899183,0.550024551608799,0.0
0.3578852818384106,0.42809477117498984,1.0
1.762883078775729,0.11396119522194015,1.0
0.41202391789085935,0.3705997996365977,1.0
1.76707823370525,0.0341437837151759,1.0
0.11945496495568131,0.9919017437317341,0.0
0.3203137752975451,0.2347771081636446,1.0
1.3624569445762607,0.4420480639183467,0.0
1.2589502358219642,0.700959156185071,0.0
0.49208659003779287,0.7131057508336657,0.0
0.859452195214711,0.047091141059741104,0.0
0.6343059171641421,0.2837805267835224,0.0
0.7791843142433583,0.48847428938633763,0.0
1.3036501971199257,0.01640529816840397,0.0
0.10092427509856082,0.15155341493160535,0.0
1.7878828015059283,0.9771063102814461,1.0
0.2297703857193516,0.6909709773129762,0.0
0.17509294582512092,0.5607127938521971,1.0
1.4552103922097606,0.5110807597116888,1.0
1.7784464282687797,0.979109490370297,0.0
1.3781068172097275,0.6446445564314,1.0
1.7766435175504425,0.41032319312657295,1.0
1.6467108922248674,0.5458313245904548,0.0
1.8088011620082658,0.23114700501197405,0.0
1.007359915178086,0.01889563560643115,1.0
1.2898221329769464,0.3359324273422707,0.0
1.8581321147128669,0.6692068153001031,1.0
0.08542271194802642,0.43242527238671347,0.0
1.3651591117489494,0.896230621717408,0.0
1.11903600817382,0.646693352084437,1.0
1.8635496597911925,0.698121379228546,1.0
0.43670933114414145,0.14763225997682328,1.0
1.502054719805959,0.4708418696045866,0.0
1.0909373963881908,0.19880677490943155,1.0
1.9962757888761056,0.2774716335530275,1.0
0.8197234345373505,0.6331914125564683,1.0
1.2097726275616465,0.4882869669032345,1.0
0.7925237024058254,0.9475470015654011,0.0
0.6360377138239097,0.7210869526348411,0.0
1.4591013597139189,0.45429445612097774,1.0
1.17541739330452,0.12058951067563128,0.0
1.9810462890961884,0.5557377000511278,1.0
0.13644784442221303,0.6863188610275283,0.0
1.2950134831271967,0.9261030850173593,0.0
1.5237491576102646,0.007212936216694499,1.0
1.4672972146391794,0.6718806340581933,1.0
0.2835607212236724,0.08841705908419806,1.0
1.4143997070528207,0.5029346486724846,0.0
0.08745415524725941,0.6037203981230995,0.0
1.7283301458716633,0.04265931022337899,1.0
0.22702152301724943,0.14897931575636758,1.0
1.074369304818605,0.735919131301702,0.0
0.1571586667121363,0.029485430878808838,1.0
0.3504104251783955,0.48776627872203626,0.0
1.527351044609663,0.049074105340380814,1.0
1.9712116360073095,0.05224216672225934,0.0
0.6725102196011099,0.4109929781323882,1.0
1.0329404911664677,0.5092637667973525,0.0
1.7196215428618538,0.837852178960686,0.0
0.6196264362796875,0.5076529087054883,1.0
0.38274764611516776,0.37692643439555584,0.0
0.5093816114780454,0.22679501372402855,0.0
1.6536208740283291,0.5724350629109956,1.0
0.29670067946943646,0.40601959917665553,0.0
1.8666626634754504,0.44015085056214287,0.0
0.3653822731444367,0.5075588861484871,0.0
0.3451190989246071,0.10464993735079753,0.0
1.6945502827474979,0.48847618374516877,0.0
1.0210528841212085,0.6103923866242056,0.0
0.8847272293664632,0.4016881685311422,1.0
0.9382784215423305,0.6566008134217631,1.0
0.8607840671057485,0.764588552902097,0.0
1.220909101574687,0.554280634229673,0.0
0.47832743619428975,0.02507411068734311,0.0
0.7795335993950812,0.12363084357344956,0.0
0.5089823081073444,0.17374311352018046,1.0
0.9526532202704145,0.026879808353316048,0.0
0.1221328729637261,0.2119550836601316,1.0
0.4211419580981979,0.5629611316064832,0.0
0.5760828776812972,0.9675601650263779,1.0
0.012284914373480005,0.27353869612466364,1.0
0.05963300661448412,0.49878409170629123,0.0
1.0564070012274176,0.3537649145316878,0.0
1.1177000701668678,0.6880334065453722,0.0
1.77572228811967,0.3140056137474002,1.0
0.01563827859745115,0.07848172897601557,1.0
1.0448244830766364,0.04878205166577654,0.0
0.018987713602503398,0.7338899614166609,1.0
0.7154102541102021,0.09918561763993683,0.0
1.1050717161428978,0.9518249676030675,0.0
1.8456054421796546,0.9387571164462765,1.0
0.8818127500404069,0.7672351568733173,1.0
1.5892210661271746,0.6324330020917804,0.0
1.3556413168407249,0.07434670088578654,0.0
0.8492640402629499,0.5727769926073392,0.0
0.6328337832571733,0.7443327205385784,1.0
1.3122826986047689,0.16218898999045017,1.0
0.8090646853665775,0.26609606857423196,1.0
0.6114465007310101,0.5273006130498564,1.0
0.44618460084848244,0.6419720477453816,0.0
0.9209126755027035,0.801188053101465,1.0
1.838267510900025,0.44587316907851304,0.0
0.4105898960470493,0.9768266179556463,1.0
1.6316268852019427,0.4559641572850146,0.0
1.0500819405034896,0.24014411844833072,1.0
1.770376325409192,0.4795728694739215,1.0
0.45366923154247263,0.7897031178160704,0.0
0.07156875052274714,0.8095030653933285,0.0
0.8467434649655199,0.13687178444825476,1.0
1.1619338717259902,0.5819314863966036,0.0
1.8254006559026048,0.5031350153552706,1.0
1.2780669723834164,0.4854192652879996,1.0
1.8356450669503463,0.35544405066011453,1.0
1.8919901508744665,0.3779701757736087,0.0
0.7266923525919962,0.3327161747749229,1.0
0.6246848624242514,0.9044824879860217,0.0
1.807981298518605,0.26360843971160675,1.0
0.6069119303096715,0.5437836954007814,0.0
1.6199998597586567,0.9949481623502793,1.0
0.6146301286213434,0.02934311167348369,1.0
0.33968270305415715,0.690328493626344,0.0
1.6575092045895363,0.3958409040635915,0.0
0.18523032393771732,0.7348817854197688,1.0
1.542030284648428,0.3834095529945233,1.0
1.6924629875305035,0.9629744491577361,0.0
0.878365897733068,0.4356285152614192,0.0
1.1578793177297568,0.7963031876442038,1.0
0.4664278291219821,0.3155228857786453,1.0
0.6935450053714503,0.25549571825626327,1.0
1.4948474705675612,0.06225469186905985,1.0
0.14022277232920444,0.9703777101571194,1.0
1.2228974368156202,0.6173714500857936,0.0
0.2626959249240084,0.5903227590937049,1.0
1.4003902714211631,0.6871923757241231,0.0
0.3414256460323686,0.021705201780897743,1.0
0.4281875312405423,0.9864552574516171,0.0
1.9120134608156687,0.3085082094798518,1.0
0.22596427337047986,0.6824562922361963,0.0
1.0918774675661698,0.935409789266237,0.0
1.2921887357548716,0.02398722169247558,0.0
0.0815871676867701,0.17267957216508922,0.0
0.9430026666717612,0.2998889326373124,0.0
1.253481246107795,0.7354474004566548,1.0
1.7213759694841004,0.5684671137853056,0.0
1.491582312134641,0.93605818503862,0.0
0.6787741025010936,0.3738787682838921,1.0
0.8118109480504703,0.3538013941164331,1.0
1.0025777833446994,0.7239380113324316,1.0
0.875871102344248,0.13346928059684482,0.0
0.8479462555657751,0.3175934996966757,1.0
1.9510740871028136,0.5663840863711606,1.0
1.6630166590829598,0.39865195225413075,1.0
0.9833332806508535,0.015823646062796293,1.0
1.7263599244476422,0.07773063461825558,1.0
0.6270884882959524,0.9612497330975618,1.0
1.0318533517755577,0.9098874458332475,0.0
0.1499401320206184,0.734833112852535,0.0
0.5478933215435087,0.8237468664426832,1.0
1.1710125069542416,0.14328039114701596,0.0
1.8542867070243876,0.7864164198677136,0.0
0.529072120196205,0.31768890377227543,1.0
0.246165504621493,0.20483404313622666,0.0
0.6532989710499058,0.1132561896598493,1.0
1.2162352155781428,0.5658932988501277,1.0
1.186101071494133,0.046837855587026356,0.0
1.935429150820585,0.9975778593605952,0.0
1.1814278556793398,0.30306241933960565,1.0
0.676082373766764,0.9801736941122821,1.0
1.7034657189440665,0.27460938819061353,1.0
1.4606615811773287,0.09657541678914205,0.0
1.3907502453643734,0.15207959069135002,0.0
0.4873640661406813,0.8860010599456684,0.0
1.2940657775823496,0.4873026322764821,1.0
0.03310261000328896,0.6627401383522148,0.0
1.2494442919084592,0.19207865908270605,0.0
0.7764648835363668,0.9570961494550293,0.0
1.0193079638682292,0.6963343389592321,0.0
0.4755017923443885,0.23909482927075254,0.0
0.5573191516442364,0.9039109046794137,1.0
0.3623517990967835,0.6142523151867483,0.0
1.9119194871456002,0.3670362761060819,0.0
1.1067590653718022,0.5031567001566766,1.0
1.8082265682376633,0.33422006150530315,0.0
0.5577975669908155,0.4323595915655216,0.0
0.46510644902347487,0.839644701354017,1.0
1.9130895025121093,0.1336953027275628,0.0
0.9319917978156105,0.6894998241793969,1.0
0.4633176745246643,0.2777217931779049,0.0
1.391067652808871,0.2976695010538454,1.0
0.05205603236575173,0.5703441694672692,0.0
0.42592461261818304,0.20693438401051056,0.0
0.6343147412126215,0.9928406866658833,0.0
0.8008975364045441,0.54448299828873,1.0
0.5510277479628205,0.9472466162483001,0.0
1.7049034920680832,0.5085245964562815,0.0
0.6989988312032913,0.3124456514502988,0.0
1.8055785296289908,0.7485739618962678,1.0
0.7720489315142658,0.7958422044667187,1.0
0.5941332136284274,0.7214707243543328,1.0
0.5707298470674815,0.33439197041996604,0.0
0.8673304930721064,0.3194160986061989,0.0
1.5505568166422612,0.8574023038527854,1.0
1.9699590396141715,0.5190357166372067,0.0
1.3961674831884796,0.018905065435676383,0.0
0.3043098369499826,0.8072421590399773,0.0
1.558044630540054,0.7831169049368059,0.0
0.8134355539219948,0.39833993321046124,0.0
0.6303228141267885,0.5543084787864194,1.0
0.16730146047976358,0.10875416101884128,1.0
0.06167636714129188,0.9642516587837463,1.0
1.3276823020864075,0.45159165459633677,1.0
0.17485908143741558,0.08422358905544125,1.0
0.683667978998562,0.3607913577296288,1.0
1.69632024112512,0.3345336983944056,0.0
1.7524355742200013,0.7482729269790891,1.0
0.8761724875833423,0.7085877512136393,1.0
1.7442384982195431,0.9886398566902357,0.0
1.669720918352893,0.8007155371649346,1.0
1.1565531499985062,0.09511819279855493,0.0
0.40478144572400665,0.5618808225725036,0.0
1.9647525519285916,0.23311314054726995,1.0
0.1585207810082978,0.3010846944055172,1.0
1.814130790778648,0.9509015437682046,0.0
0.4045836651471355,0.11635600897695098,1.0
1.8081841538410288,0.36028298411269666,1.0
1.8105963051574125,0.5663074779390507,1.0
0.4597922529935399,0.9687028945824099,0.0
0.21173594207877877,0.5727619583561594,1.0
1.1463812966000677,0.22657228227506976,1.0
0.5295062171071876,0.14078826562293079,0.0
0.43920018938486405,0.5197154246963595,0.0
1.7030941599374243,0.3149832792020887,0.0
1.1622710193099544,0.15808648372136325,1.0
1.2407482406998054,0.16963233264031707,1.0
1.7141454683573618,0.4298090822526829,0.0
1.5787245429639685,0.5284803480760796,1.0
1.1721542104750586,0.20433344619788574,0.0
0.4823220018488381,0.7770949486979752,0.0
0.6200361439637179,0.7811756709895912,0.0
0.03990454381717523,0.9707576456996261,1.0
1.761050056690219,0.23716727572034524,1.0
1.6753079112956322,0.11152254280155527,0.0
1.327519062064506,0.16508428419957688,0.0
0.33442486423339113,0.464105955381641,0.0
0.9514789196426066,0.7485644652669436,1.0
1.3842957849627653,0.714439479213716,1.0
1.607514463559881,0.33243383966622453,0.0
1.248536012634179,0.377835922516084,1.0
0.3570210929106721,0.3792036361134068,1.0
0.42799006711671894,0.4916509443034267,0.0
1.604267808846522,0.012447609758497014,1.0
0.8688504596941853,0.9550890485433343,1.0
0.8403892029272291,0.8969128052358032,0.0
0.5345001879593378,0.6847890107923511,1.0
0.4867222881901927,0.8456423080247757,1.0
0.9665112505859375,0.073864186368932,0.0
0.7836155955983211,0.07492005614912756,1.0
1.7116341241436948,0.19769960219961924,1.0
0.9036469366788866,0.6709701560533202,0.0
1.3604862098612542,0.3034695919815955,1.0
0.21476554622255994,0.4734532893920429,1.0
1.062246778360759,0.9574874402574173,0.0
1.9533569720147896,0.8098024174727306,0.0
1.9562453164379014,0.9814159674758,0.0
0.29442654150876457,0.6850170753465761,1.0
0.622397214185854,0.8018657204398683,1.0
1.5831511522938215,0.31608042720216456,0.0
0.9074154388627509,0.5216643501680824,0.0
0.4963786334159275,0.3619753233090366,0.0
0.6837799667883402,0.12310647811188857,1.0
0.14585764265673506,0.37209877628598087,1.0
1.291703837885734,0.34144488251673955,0.0
0.3671761506816382,0.7192853832455058,1.0
1.5161441127384712,0.6252704182602086,0.0
1.4525010196507122,0.24213245023627172,0.0
0.7657558333646484,0.9918792017623791,0.0
1.8933138715371671,0.7456248431408204,0.0
1.403347972371846,0.23583968618232753,0.0
1.0129223677909909,0.564602987038001,1.0
1.9150236163785204,0.17377777558110574,1.0
0.3740353716950735,0.10115343938212962,0.0
1.4405497597085886,0.8351300803180153,0.0
1.7601905891295544,0.04603390930884177,0.0
0.09223269648662624,0.4699734640191989,1.0
1.7648622763595776,0.8399190717551847,0.0
1.217328015249895,0.9893741265296148,1.0
0.643181350948496,0.6954147402952586,1.0
1.167693849982303,0.34997309423420253,1.0
0.36822142095215993,0.5246101936711853,0.0
0.8081486949512027,0.6214879739263685,1.0
1.3404866353338718,0.950529009393009,0.0
1.6843907984375304,0.38652850351770285,1.0
1.7430847303706711,0.18253140809884483,0.0
0.3516035241791362,0.14429147680767873,1.0
0.17397416076167804,0.7685509273938882,0.0
1.591017556876944,0.33075254265834975,1.0
0.25721065494879314,0.9871390791440179,1.0
1.6551147863848072,0.16506794336429265,1.0
1.609455821241977,0.20398883598316986,0.0
1.2509629860977463,0.953982375617037,0.0
1.8509687593515727,0.7745944786146515,0.0
1.0384768913885873,0.949586501698542,1.0
0.8010072376237227,0.9315269949878182,0.0
1.993548261450903,0.21793106708125853,0.0
1.9014565191638948,0.768956879475098,1.0
0.8312402007570179,0.2669294555266677,0.0
0.6344100963097152,0.5654938712548475,1.0
0.44423138435588116,0.5271446917273154,0.0
0.6449079325525569,0.9860798877101074,1.0
0.6522849486812095,0.5590663613165213,0.0
1.512638223953009,0.22539424209381542,0.0
0.4247536959101834,0.4889671675672487,1.0
0.47160393030162684,0.2368690298386742,1.0
1.3512193119120657,0.20783600976632743,0.0
0.841875134545234,0.0202681625208877,0.0
0.08810789917253437,0.012336447762670177,1.0
1.3724509450730473,0.6027053251557797,1.0
1.8679808850355357,0.4619141047367118,0.0
1.0329695043389446,0.1577341446252385,1.0
1.4379533518142928,0.998633804577479,1.0
0.6652180948408275,0.08832583792536852,0.0
1.458715355421267,0.458455371074456,0.0
1.2140905194824299,0.45681927628098606,1.0
1.7920769501935918,0.5442588571615226,1.0
0.8440623303714576,0.718059341223028,1.0
0.09277108906361464,0.7270710361434969,0.0
1.093407015867054,0.6450059809156596,1.0
1.8135430681355869,0.6648046966863467,1.0
0.18250487744657737,0.4725346125423543,0.0
1.0037134676087325,0.202216141363746,1.0
1.1468087845250974,0.7617769495039192,1.0
1.4898575622341026,0.6747990467819674,1.0
0.044213056188834525,0.6457008866078862,0.0
0.45122046367812163,0.14753012974385926,1.0
1.8124834378247108,0.6752093213191591,0.0
1.237981614848578,0.8682263498434503,0.0
1.2352868193794533,0.24319641923479662,0.0
1.098117389552319,0.08562783654559503,0.0
0.6137280895883632,0.006959031971144336,0.0
1.924920782221801,0.8955090656129494,0.0
0.3591043971103318,0.5874973008194687,0.0
1.6827332188699735,0.019972859711615,1.0
0.3742658438629607,0.10597978556214482,1.0
1.020091639285546,0.616623942048926,1.0
0.3082321156657295,0.3207213212147265,0.0
1.419470964407209,0.06127134997036188,1.0
1.6832660944013946,0.7886888137701117,0.0
1.1798770281033988,0.12042627057157573,0.0
0.39527338835030457,0.9604401527832707,0.0
0.16732102954766703,0.5550761308108081,1.0
1.3601838746992128,0.48232158281127624,0.0
0.43064961045127315,0.13524171885650305,1.0
0.21491139275923832,0.1789947575203723,0.0
0.39033383300282454,0.2954938329296203,0.0
1.386631745794055,0.8886728668462595,0.0
0.03869721082633815,0.26505031925611133,1.0
1.1317254522500597,0.7087329362753032,1.0
1.5824081652470212,0.44309215818770753,1.0
0.7875706687233781,0.4193428727752647,0.0
1.0130395671282817,0.8204794551079841,0.0
0.9900753679633618,0.24639015737295544,1.0
1.54243384522894,0.08122312266948761,0.0
1.9892610169199194,0.031623251253082074,0.0
0.5328508871830353,0.1741131283865699,1.0
1.792184479065161,0.5295772092862469,1.0
1.268076702279028,0.8383179817955599,0.0
0.8116401057413691,0.18972294119964161,0.0
0.2208555505313161,0.6010159517574163,1.0
0.9516545635766736,0.5769012209460329,1.0
0.8383309357588655,0.1251195588491505,0.0
1.6801985330480134,0.8793930854050755,1.0
1.8611264238461926,0.8472744978900815,1.0
1.4825704762227314,0.33082021278820095,1.0
1.8462889737084358,0.16553406802009918,0.0
1.386336312508893,0.7913536157598281,1.0
1.9142637157904039,0.677382072531679,1.0
0.7914620445762499,0.8999888556649145,1.0
1.248182223857144,0.7165291152769364,0.0
0.6546225887457147,0.213400151744624,0.0
1.8892423876363034,0.6887061619143301,1.0
1.3084019600174135,0.7074803379108037,1.0
1.3877664957735951,0.8609920933375358,1.0
1.2577829226775807,0.16454014937206918,0.0
0.6390898999247414,0.055944649643537625,0.0
0.08719348812162964,0.1896291831177932,1.0
0.5332799068353653,0.4903769209123663,0.0
1.4978372134688613,0.7220438544610087,1.0
0.7071744623924552,0.72982928657531,0.0
1.5967687254189409,0.24117415066686487,0.0
0.5219018818243906,0.8681070366966751,0.0
1.9322929240281481,0.5804537830066492,0.0
1.8114747457510925,0.8782128240384861,1.0
1.0798531778024365,0.9593734985765079,1.0
1.3258395126954465,0.8728128614548094,1.0
1.6806348727121505,0.5198285560537679,0.0
1.2918463241886773,0.4603990222125922,0.0
0.9634429300294578,0.3687032305206307,0.0
1.1222834406982447,0.28298555598431774,0.0
0.32050639909527123,0.9515674068777235,0.0
1.0142757497299897,0.6764161773927828,0.0
1.8275654289440224,0.9854139425105782,1.0
1.5339065111554155,0.4657233610886158,1.0
1.9370992159257003,0.3717826048003591,1.0
1.69890313010728,0.7216960181291409,1.0
0.6577018066324944,0.0057348200330596955,1.0
0.357240600592883,0.4006248370910791,1.0
1.626203714652515,0.2617220327811395,0.0
1.8609211946567632,0.40736435449833575,0.0
1.5532530148379158,0.635260970202082,0.0
1.99657311514836,0.2828525998826119,0.0
1.3745248844382125,0.5634137865222569,0.0
0.627110820287814,0.7449389313419345,0.0
0.29160845711590366,0.23024877273209554,1.0
1.0663653823052268,0.6254593158140584,0.0
0.483836059361179,0.13303139280720444,1.0
0.4726544352415354,0.9986025056332141,0.0
0.4461243901862324,0.8177209464533131,0.0
0.7954270468411349,0.14410036132642112,1.0
0.1435824309699871,0.024751561930502985,1.0
1.1162905425597411,0.9334646571864351,0.0
0.2078331658993937,0.9377006155199401,1.0
1.4653528296234652,0.42164154618193816,0.0
0.603263512241978,0.32470620895275903,1.0
1.046609062651448,0.9557245129544862,0.0
1.878778026769996,0.03970863462459051,1.0
0.3844282998489441,0.7469511070313761,0.0
1.5228837899225003,0.2767753285607032,0.0
1.7469774773324382,0.27457563245547423,0.0
0.45415926943406304,0.0027770820450085942,1.0
0.644888089757728,0.0715559889009676,1.0
1.5661763932528048,0.6514260153714582,1.0
0.6079562386638617,0.7635886830796601,0.0
0.9558310625511306,0.9255250792102813,1.0
0.729947708408728,0.5675753700960925,0.0
1.2749507998907232,0.9072983040845378,0.0
1.4314934144024318,0.25776489906309474,1.0
0.023114681001405343,0.49569666672437185,0.0
1.6591951944530205,0.6172949021501933,0.0
0.006928903508701678,0.28933207090190605,0.0
1.7290644730707394,0.9413524105563192,0.0
1.5541324548963604,0.36455715760892304,1.0
0.2275101267954016,0.3501501482165277,0.0
1.902050377615166,0.21957324448079818,0.0
1.404396155197705,0.14397165984610005,1.0
1.537677730736257,0.5405555399832875,0.0
0.10067826338205355,0.17866659942659024,0.0
0.6755655819361119,0.4696674438212982,0.0
1.8537242442889326,0.2295330589152813,0.0
0.2585840194024436,0.9151920638785156,0.0
1.5902141733029989,0.4154006304335216,1.0
0.20765794690019557,0.19455972139873567,1.0
0.9900674825619802,0.954987566654614,1.0
1.3945749801945828,0.8910504199690314,0.0
0.9715689716613547,0.1272433873590615,1.0
0.42637760188069396,0.25506705435370636,0.0
0.7668291661925211,0.36572173665444263,0.0
0.7688157267979685,0.6982215872818887,0.0
1.2867860890861278,0.032802861738153166,1.0
0.8095219588746649,0.6913489125220669,0.0
1.0530863216746902,0.9075717466605637,0.0
0.36278615612912657,0.6095004105862161,1.0
0.3163033300705751,0.9042685285396704,0.0
1.730659278723955,0.680990228869253,1.0
1.2893366937406316,0.9910267502522807,1.0
1.561692217776076,0.1208525011969227,0.0
0.38487798267049245,0.15932023529435846,0.0
0.5399826148933125,0.4038103670904666,1.0
1.759210191084921,0.03416832783795187,0.0
1.738171427921114,0.5723544826563141,0.0
1.9447169453135809,0.8597656582401028,0.0
0.2037217531434401,0.006149597479982005,0.0
1.9396851992925683,0.7837875110198393,0.0
0.31098903944952827,0.2457425137649083,1.0
1.047480985375063,0.07575433219206373,1.0
0.10609674700692451,0.7847512092307704,0.0
1.063645425852337,0.12001690006812826,0.0
0.6966572508733446,0.2388680202675224,1.0
0.12621540934920672,0.9608547584195073,0.0
0.1323315489198189,0.22727911793051536,0.0
1.640200687722115,0.6658259963200125,1.0
1.8692528714848138,0.9524630199870914,0.0
1.153321524326028,0.6282067609527057,1.0
0.26206909794703837,0.24720336757935812,1.0
0.5851651219720242,0.6889922833975104,0.0
1.9860977546421374,0.14120392362217427,1.0
1.9330102423372606,0.9096290274307929,1.0
1.0911884282763908,0.9336666819366304,0.0
1.5455777074166794,0.14813088596667967,1.0
0.37892145416054923,0.0968362150401405,0.0
0.7532002166063667,0.34076422980725773,1.0
1.747397861875993,0.8818429422158917,0.0
0.18583949969462754,0.48557715474988417,1.0
0.28800784009024616,0.5655797784688331,1.0
0.6893126565988523,0.18039951720234826,0.0
0.7628924584579182,0.32010262035566794,0.0
0.18303002280890657,0.6684619310198513,1.0
0.5217877761753527,0.011861527548208128,1.0
1.1286809053381024,0.156221106976689,0.0
0.6338939074706305,0.21642879483209754,1.0
1.8343305156095564,0.49609383049866806,0.0
0.6908069171710565,0.020173857089889613,0.0
1.7370556335438414,0.950778262493933,0.0
0.6468371578601786,0.16640016728691298,1.0
0.30233028841266285,0.872267741902997,0.0
1.7149771219302854,0.1693850857756638,0.0
0.11075527508254246,0.8586128258972314,0.0
0.9240346761360116,0.039726104249008576,0.0
0.7652316270044077,0.14651363316145805,0.0
0.014364204643758205,0.7825331016738694,0.0
0.7707129185617381,0.9198768110996616,0.0
1.4864274083370013,0.33474125375693886,0.0
0.10338182201207435,0.3025601373407927,0.0
1.8854026371833725,0.6228288689506634,0.0
0.11343370777215478,0.9065753813298774,1.0
1.3272532379422328,0.6574439672621796,0.0
0.4572996911558347,0.1625308700188226,0.0
1.623340229467105,0.04341243963161201,1.0
0.8140787943108632,0.9842255090104574,1.0
0.7195686283601728,0.6667249018632955,1.0
1.77641289080242,0.7420629101115446,1.0
1.1106172001508736,0.22207902177648386,0.0
0.6217475694793961,0.024811570950587725,0.0
1.3789845189824297,0.38679699942019896,1.0
1.2005172376805147,0.879962266934765,1.0
1.5524998412698063,0.5019557139351276,0.0
1.8397904560040796,0.5163500563971235,0.0
0.058959225429856765,0.6944572872172059,1.0
0.5219732579537373,0.8811632503411576,0.0
0.21467384488732888,0.8151170099676253,0.0
0.02072502486307193,0.6598304123142373,1.0
0.23197572353968465,0.27697413124016534,1.0
0.7665800942983447,0.9465387341064122,0.0
0.9897595163627135,0.6588407724673104,1.0
0.17761717744092365,0.4958575668627042,0.0
0.28758886776006554,0.894323141191278,0.0
0.6216864530439248,0.6946194025273104,0.0
1.3319367166789118,0.7090551128500667,0.0
0.6311753529343533,0.6017698737541696,0.0
0.6172347838229282,0.07840822051809926,0.0
0.2733768668187948,0.21946297034466977,0.0
1.6712114832420661,0.6797139692133856,0.0
1.2981149804282253,0.5916012127368279,0.0
0.10498421111002543,0.17456509819985144,0.0
0.040015029483150936,0.2193589645234556,0.0
1.847091300972749,0.13123888024519847,0.0
0.153637626938246,0.2846187052128939,1.0
1.616215094657874,0.19663267235501525,0.0
1.2061884312787736,0.4035392066692409,1.0
1.9130499185121688,0.6132708116040488,1.0
1.1606509626393982,0.7281660972084892,1.0
0.5664379715102246,0.42343353297679986,1.0
1.02382980217162,0.677786473369038,1.0
1.7313388982053797,0.1919434691780858,0.0
0.5328138260416517,0.8402357903401927,0.0
0.16237058562422013,0.3626890347271309,0.0
1.5168037511835022,0.11692634048345152,0.0
0.8815119412233945,0.00015023902673350076,0.0
0.3218467162133176,0.16445080652109012,1.0
1.5406908991422208,0.05949237143774688,0.0
0.143538195578784,0.9146282929047873,0.0
0.6804958086982684,0.6616239646933169,1.0
0.8080620876535212,0.3023227258902189,0.0
0.1808430007808468,0.10688038989358573,1.0
1.9421543317666825,0.13047410090717337,1.0
1.366169377759321,0.4539394829964738,1.0
1.7177751678178286,0.30593494990450676,0.0
1.0677237039253862,0.8827700328958913,1.0
1.5321156898185297,0.49275809315834285,1.0
1.1768351416297598,0.5643116130921483,1.0
1.7558300340923794,0.02871951608090406,1.0
1.5424747669307008,0.19738348636823688,1.0
0.7476213164594452,0.15265508903052238,0.0
0.05741971610735308,0.9135594602082074,0.0
0.5012944308269922,0.4858203238500103,0.0
1.2013214410835142,0.05581551609028712,1.0
0.9444467151094009,0.562440369977041,1.0
0.9358247967227833,0.6494630620659322,1.0
0.6003303603638908,0.33210548481564184,0.0
1.0463223355637086,0.1766813698678924,1.0
1.294463225265773,0.03538228782300845,0.0
0.8607370323772043,0.9014469728444485,1.0
1.5863380237859066,0.7182940601652227,1.0
1.2931433285388974,0.9246242927509579,0.0
0.19474427732485178,0.23441750127260041,1.0
1.5229072133841313,0.3240884951420977,1.0
0.4469045121183719,0.23225265969137698,1.0
0.90396134211929,0.9807020294635362,1.0
1.5252144145877398,0.005726748710118801,0.0
1.9996836279985999,0.5504385941670226,1.0
1.9448539066540136,0.7325821193042774,1.0
0.16578657767762506,0.6263067836735222,1.0
1.629129438689101,0.21821092649908758,1.0
0.8429298710492084,0.8629908803970977,0.0
0.5097513764440997,0.6025318315761181,0.0
1.1054986447869353,0.9016465994913198,0.0
1.3171960483804748,0.3100384980185513,0.0
1.4525909001266557,0.48591524682626075,0.0
0.4936486854172435,0.44247730453854306,0.0
1.0430603240405742,0.8012071411481263,0.0
1.717929141141868,0.6939593980458886,1.0
0.923085185694499,0.40719323932239715,0.0
1.4224324104183708,0.5587663844860733,1.0
0.2559271269029475,0.2869900677203999,0.0
1.6261108709414653,0.757461585041005,1.0
1.0847802312854553,0.15103736240247556,1.0
1.8307371771027376,0.21773709303779232,1.0
0.9562625117083696,0.2304047696626148,0.0
1.5893674954156913,0.06308469356264546,1.0
1.3343525000146337,0.1215771906051274,0.0
0.7574118386635891,0.23032016393968957,1.0
1.4803463637288916,0.22843545816992694,0.0
0.8732804464016684,0.4714136388845075,1.0
1.958770646826039,0.8327357801463594,0.0
0.26583402159323266,0.28284726415386396,0.0
1.514515458967272,0.8657438901891181,0.0
0.4216829033511451,0.8741274470677086,0.0
0.3798402873608726,0.14795054727421808,0.0
0.9307139458508367,0.7067889818145014,1.0
0.9670651354107904,0.46074154887106544,1.0
0.08025555089224912,0.25352019571137696,1.0
1.1817561326807025,0.1393574097248238,1.0
0.3479591266994102,0.7151292933045759,0.0
1.7382900679510638,0.4853570022866498,1.0
1.2899993765679916,0.15524746906948672,0.0
1.059811433091449,0.6047019625529974,0.0
0.41130838158922955,0.9662799662957334,1.0
1.7550530223900993,0.7447276585347986,0.0
1.235314816726069,0.5047894743882031,1.0
0.985449105025487,0.22257477506195988,0.0
1.3763369438423163,0.1398113044363961,1.0
0.30724245364449576,0.6509365386962154,0.0
1.5473931348401713,0.2549874718170144,0.0
0.3981680310310809,0.17724721845060432,0.0
1.7557616491236376,0.5685893947621538,1.0
1.8750938215737138,0.9150400071434178,1.0
0.944888619167882,0.1912255102967182,0.0
0.3307989684000443,0.5695903658370235,0.0
1.258046596756217,0.3994540302931945,1.0
0.03980068708257911,0.5028453284037689,0.0
0.05734166822618225,0.3934303555862001,0.0
1.2273914002523456,0.13509930912523227,1.0
0.6111620590257925,0.8109689189069014,0.0
1.5425429277315352,0.7241147014662488,1.0
1.0873188692021412,0.7559546590032062,1.0
1.8031595061169765,0.2782575880964214,0.0
1.6024026747004843,0.3091807918905394,1.0
0.14171929725296462,0.3659498308532647,1.0
0.9193532341287158,0.8703724888775727,0.0
0.3674000152540635,0.5511459232568776,0.0
1.5408633462927535,0.8174022282967408,0.0
1.1659632201834829,0.8725932927891021,1.0
0.6789630106495035,0.8513927505855068,0.0
1.730870143910112,0.6162687005036896,1.0
0.5281012335789776,0.3916584092906409,0.0
1.312314826350199,0.740954511138133,1.0
0.7250044153719128,0.17619907562393722,1.0
1.9472424223380254,0.3136439655414466,0.0
0.710110111231437,0.2164837941079425,1.0
0.6811655962904895,0.35639725081259743,0.0
0.5021147003088462,0.2500078424944866,1.0
0.9368048300440079,0.8736742792571827,1.0
0.4961251436341878,0.33908574932622326,1.0
0.8218761114205184,0.8301722052700821,0.0
1.0688283516602397,0.9550505947872224,1.0
0.4189403565991405,0.28225346254060923,0.0
1.21056122869234,0.3443883808709073,1.0
0.9799228124587033,0.05072923466233703,0.0
1.4587040542771696,0.3795380759164704,1.0
0.8807639116530452,0.18343984712454686,0.0
0.1227618905993082,0.1432738137505729,0.0
1.8065194411659282,0.538810719846022,1.0
0.13266082330545603,0.05032265870638042,1.0
0.29966601687756933,0.5810712842326637,1.0
1.064705132769155,0.4747178233589071,1.0
0.5261945105395449,0.9119190498944962,1.0
0.7739989329317876,0.09062850737957595,0.0
0.1868471428614491,0.3758531115203244,0.0
1.7774190003895036,0.8848503584805051,1.0
1.6009167904032955,0.8835895203872167,0.0
1.2351335531239822,0.20950542506509773,0.0
1.272770291760435,0.4727413149128219,0.0
1.674327796477517,0.918940574227467,0.0
0.716462216560305,0.006040172509292674,1.0
1.9787479516091784,0.8784201736766123,0.0
1.5133171663981202,0.6486722656830372,0.0
0.5784151228646435,0.8753965120376951,1.0
1.194797264103944,0.4214988830070724,1.0
0.8290401883084857,0.5132942687971312,1.0
0.7506876941171161,0.9216108255164959,0.0
0.23824243718406105,0.8130327825630193,0.0
1.419264862805763,0.026823367434255063,1.0
0.14845280122679871,0.4019091052518694,0.0
1.2753565615647906,0.26040568799457364,1.0
0.667102368533391,0.9859848823425481,1.0
0.4377177222761979,0.42475926236945893,0.0
0.3462037971079124,0.6184555910136402,0.0
1.2581899097698201,0.9449959623716904,1.0
0.011670377296503887,0.8530904839815503,0.0
1.4447968807931375,0.12094820752424595,0.0
0.9020247693899757,0.3161626148444041,0.0
1.296647255808503,0.36829947054836965,1.0
1.3613984105218604,0.5991354296441538,1.0
0.5624757003119831,0.5818688278480766,0.0
1.8853097430204488,0.11097437677859912,1.0
0.23632403423668014,0.8808689076036048,0.0
0.5861575478537326,0.8412646418090033,1.0
1.4571748911841225,0.8469112576600804,0.0
1.9753273187878368,0.23265086459742568,1.0
0.6207274351717154,0.374715316769634,0.0
1.7194960956440504,0.5263243258405377,1.0
1.913758064944563,0.5784467517717664,0.0
0.6987902311470093,0.2774885099232297,0.0
0.36282741603149615,0.17592224617504348,1.0
1.4677653536036825,0.08412073231186112,1.0
1.3485756213197866,0.9775229429084954,0.0
1.9643905122276417,0.010415231370209388,0.0
1.9386689920046385,0.715296406490817,0.0
1.7252657696269629,0.5265471355017036,1.0
0.24785291183873515,0.9015313456461015,0.0
1.866751112378358,0.21576998025990135,1.0
1.8204294715486418,0.4269115386426309,1.0
1.7322283866004689,0.9670652754314641,0.0
0.6521960154924651,0.5031220623714859,0.0
1.3094724479813762,0.2406829108531119,0.0
0.173301225693955,0.6553351330050814,1.0
1.9903601418679964,0.4531200996603095,0.0
0.4894766317103483,0.815161260889742,0.0
1.6156276130839076,0.8231541586542814,0.0
1.8034809869879636,0.856024214624239,1.0
1.1017027005358992,0.6369432102994083,1.0
0.4975511633229188,0.5183122126856428,0.0
0.3271450112713554,0.5214681087532017,0.0
0.5805124603506673,0.08091616181119743,1.0
0.23644866329482972,0.3910941068739816,0.0
0.16799677292205795,0.016009080390174013,1.0
1.9999410339865997,0.04330711034690404,0.0
1.2119671090431376,0.19524811398334418,0.0
1.8983546442615684,0.044664809506255954,1.0
1.567055129807981,0.8613842529900827,0.0
1.3966273002562672,0.6093112757656379,1.0
1.8014713634230948,0.7865916946074574,1.0
0.6324335657524105,0.9076896101466716,1.0
1.3866921845961646,0.4749761265031639,0.0
0.27942132684438237,0.30471470496095066,0.0
1.5449244467796412,0.9121723133176163,0.0
1.6245611313932227,0.17170773627868674,0.0
1.1547741649857188,0.7693576244442101,1.0
0.6403576036936682,0.965137782869498,1.0
0.14027339474687617,0.21294831507594125,0.0
0.9587308765506534,0.35636156431947486,0.0
0.23227179203939952,0.4600536205064558,0.0
0.22379767316193666,0.5851346671039316,0.0
0.021160480118718402,0.5904600438538267,1.0
0.8329927563389272,0.7863481165192637,1.0
1.5008190551909775,0.8688230332337598,0.0
0.42462125537681805,0.19447557436011087,1.0
0.4651921495971538,0.8980830813035227,0.0
0.5439378628673366,0.1890956372645869,1.0
0.8773637843861146,0.2569300984379952,0.0
0.25159507799431635,0.9383812082163782,0.0
0.5086179578513303,0.9495001462263106,1.0
1.6960801008435484,0.9290395840525106,1.0
0.3235153341018051,0.2482108546852122,1.0
1.7195341674614473,0.13358295855887792,0.0
1.213033135035276,0.5193662573443422,1.0
0.4597025051720387,0.997378315927759,1.0
1.110526616678697,0.584827595007368,1.0
1.5801778834852078,0.9236413183506763,0.0
0.15940887482744848,0.16076572592700433,1.0
0.6766539499076911,0.9335686854877854,1.0
1.8742830826703052,0.11424877693783364,1.0
1.3257225652455809,0.21634760275339115,1.0
1.6607497797351733,0.2013303475416589,1.0
0.3749968822500134,0.5263036863902025,1.0
1.1965593299501356,0.1414528613544841,1.0
1.7504548196564529,0.753418243516798,1.0
1.468053905787505,0.5873039232133777,1.0
1.1803872139622595,0.06712549599412054,0.0
1.6369530758210105,0.9182504110401661,1.0
1.4646554956173887,0.5834892640862565,0.0
0.651165597417473,0.6376135767451517,0.0
1.9636495199098039,0.9583144652204743,0.0
0.2762410946624523,0.7925515635213722,0.0
1.9477352447106817,0.457635241002898,1.0
0.2627296311813574,0.0678543400180801,0.0
0.22466895307265733,0.9782729066744785,0.0
0.9483902593961713,0.4389173578009986,0.0
1.0289084172790444,0.7325075701573769,0.0
1.367284652593501,0.3258023252789205,1.0
0.9774794589680222,0.4625908652319053,0.0
1.6319113666176082,0.7398428623807389,1.0
0.8831491782443464,0.06486637799865014,0.0
1.0265558322562358,0.21312455196926394,0.0
1.2619999053052335,0.9040154334430287,0.0
1.3878691515769888,0.4551437066163858,1.0
1.7691871703534767,0.5206845867677743,0.0
0.37572574076626464,0.9758687040009203,0.0
0.8278140861357544,0.3072720186365806,1.0
1.4651762478388213,0.9699822875182894,0.0
0.1918374421706073,0.04752765895799649,1.0
0.7366704651826725,0.3663520578201732,0.0
0.4779751934106822,0.8229023560997161,0.0
0.5266597616968953,0.8011313366516737,1.0
1.5707332467978865,0.7972828578440403,0.0
0.3277573721961131,0.6701678263073304,0.0
1.45121863144171,0.8845077801596316,1.0
1.7926880652551882,0.37807505695987964,1.0
0.16225477520029363,0.9502808901701023,0.0
0.7301373699966882,0.6976506712482095,0.0
0.2063718824038967,0.1293233543383271,1.0
0.4831852146184399,0.07957794003207763,1.0
1.972959281442412,0.05810756728881117,1.0
0.9810811541799984,0.8847666171169603,1.0
0.666050976206442,0.2539686159744785,0.0
0.5655310665230375,0.7711876181424608,0.0
1.836220905749722,0.9707186790636618,0.0
1.7026950143535775,0.14172762689932095,1.0
1.7217877281464253,0.05688055970603534,0.0
1.3239586446679186,0.5125354448034225,1.0
0.3525210413894748,0.6255799403684092,0.0
0.8161788659301139,0.7440118766728376,1.0
1.5971022280584775,0.3557988672123209,0.0
0.44624758523959884,0.21788879484929513,0.0
0.682005264145779,0.3477472457741001,0.0
1.2810045504051926,0.6796211019729893,1.0
1.2061070637753832,0.8022279237618851,1.0
0.710566597183133,0.4420094582166544,0.0
0.3873761044004511,0.9066229062513956,1.0
0.11339997097925279,0.3860156018589377,0.0
0.8645726403405558,0.3747525396203195,1.0
1.745923610435628,0.626161037294786,0.0
1.0751515091327855,0.3268571856051192,0.0
0.4440578592612754,0.054066687580816675,0.0
0.5839108587573514,0.3516881788845744,0.0
1.3395400832939428,0.5424778180669645,1.0
0.005574577284142679,0.04140866116674902,1.0
1.092115731484413,0.9382116504533429,1.0
1.8576598531689164,0.49238773464418917,0.0
0.5825853493653284,0.29239418816160134,0.0
0.34564421746649954,0.711674655258366,0.0
0.41642982355088143,0.9026896545451305,1.0
1.4187641210803341,0.35261878617800924,0.0
0.1683615747511578,0.637581235842541,0.0
1.013904910837103,0.5601457342116134,1.0
1.057689539684675,0.34208049688942066,1.0
1.053184085656649,0.9823037803997261,0.0
0.08254479400296932,0.35087355350552885,0.0
1.6511225992015532,0.5994859295538058,1.0
1.8464258503736504,0.31010328041390756,0.0
1.0878376001971983,0.9150128953670685,1.0
0.5842605352745789,0.35375029091651844,1.0
0.28060007819382515,0.44738737480738233,0.0
0.5314769614006114,0.16687957325888658,1.0
1.9787132287405265,0.5863478306886768,0.0
0.40150564916044296,0.11102987093391081,0.0
1.1373480297147205,0.20261251500548827,1.0
1.3142383646497227,0.28662430479074086,0.0
0.6305214704283235,0.9617218064308525,0.0
1.5035956790542937,0.7580280856853203,1.0
1.6353032776226046,0.25889273157172277,1.0
1.974461123383478,0.3379187368679747,0.0
0.6269582219766019,0.17142006755236283,1.0
1.452037533562376,0.761820479882696,0.0
1.1726296355694636,0.12195956359957683,0.0
1.9320506102470412,0.5861284532807506,1.0
1.7284555567004947,0.16397444750527967,0.0
1.1072724848231599,0.8141953437321031,1.0
0.4513112671061861,0.4286520638607769,0.0
1.9427203834299567,0.35063084599931016,0.0
1.4227707360163058,0.3573219549487038,0.0
0.512372861103622,0.9627624277654754,0.0
0.7761958142975351,0.9674799159900914,1.0
1.1464241593670024,0.07911407294742312,0.0
0.07703261472118839,0.4786193847884944,0.0
0.9341748208633367,0.4704308140606185,1.0
1.800847812599525,0.540099415171356,0.0
1.1628021650334146,0.35909862900655376,0.0
1.998830043836439,0.24436475043841543,0.0
1.4453279395494163,0.07150534207255865,0.0
1.8968315026286937,0.738414609339479,0.0
1.1086518362691655,0.24658890271884037,0.0
1.0857254317636733,0.34705545758805056,0.0
0.6826775594647911,0.07825665702902562,0.0
0.7934524887435486,0.30438504958215906,1.0
1.3341356980632628,0.9452613656488265,1.0
0.9044573752298324,0.36013937233893034,1.0
0.1107742318217062,0.9133106054394196,0.0
0.19927297380954845,0.40995623599083664,0.0
0.8806425445551829,0.34851083534188765,1.0
1.9367259603950937,0.579739507129848,1.0
0.7156806229232098,0.20541586360427777,1.0
0.3309563635339574,0.629744286209447,1.0
0.7999064037091963,0.7495398336814232,1.0
1.816741758926624,0.8454875603395627,1.0
0.32461598983677886,0.21902095339980987,0.0
0.96358148416039,0.3551401712560629,0.0
0.19600300479133748,0.8436482370471658,0.0
1.5530911338312017,0.9615316172212385,0.0
1.6921960058124792,0.07380740109484352,1.0
0.7389353502988851,0.55634031395392,1.0
1.4221787357754405,0.9663593248146967,1.0
0.9609772484088019,0.44698022355875044,0.0
0.8221946014688197,0.36370641327063624,1.0
0.9404634597737591,0.08149989140391467,0.0
0.9682060306747127,0.509786586558009,1.0
1.283644849645532,0.6985524240205498,1.0
1.8639376340680638,0.49772918433681057,1.0
1.953589727634344,0.9893002284519437,0.0
0.7965761864562448,0.5338912343323787,0.0
0.9781929131627198,0.12681894526743365,1.0
1.6669910806628079,0.9153801693998802,0.0
1.6041125842253223,0.055918494029341126,0.0
1.9251171076209237,0.5692613506784258,1.0
1.987888185176007,0.4479967199207574,1.0
1.41710195204692,0.4912263475901889,0.0
1.7445113665284555,0.23876661987475667,1.0
1.7505124711228535,0.7751830178172036,0.0
0.2629830326057385,0.1986138649592516,1.0
1.6252588458732111,0.132447217002713,1.0
1.0619957116253163,0.27624462720892007,1.0
1.4317400823827382,0.19198269096544696,0.0
1.208174296152915,0.4184642152899669,0.0
0.42369948476158736,0.7954879024029988,1.0
0.4021481667798634,0.16139724731629668,0.0
0.9847443256494208,0.1858330516289457,1.0
0.15952827128373648,0.9976522862864229,0.0
0.07797660566567033,0.9172705503821037,1.0
0.5546895411547268,0.13317238432742173,1.0
0.8858379134908756,0.4702166489199656,1.0
1.6000298862842137,0.8964096055608934,1.0
0.025490094400415723,0.31422997886837856,0.0
1.3407282612856302,0.27636093460720934,1.0
1.363345551276366,0.16800047330129142,0.0
1.1774203975479731,0.235260814132345,0.0
1.0505919990441073,0.1378924598455954,0.0
0.31135905906552885,0.6382442141746262,1.0
0.692601452076659,0.06710768448100912,0.0
1.90764345039172,0.7186444175880748,1.0
1.6859457418781738,0.2555841549172069,1.0
1.0331837773610661,0.8052095609213672,0.0
0.5103678789573878,0.057840504004594395,0.0
0.9853000840577526,0.007573973450952898,1.0
0.06658921940165063,0.8564778924868247,0.0
0.6154717098759808,0.539631859097365,0.0
0.7798809053627149,0.3422160912930229,0.0
0.9053715827924445,0.09308543755843635,0.0
1.3891857359759645,0.2646182304112379,1.0
1.697925494948137,0.7424508764303962,1.0
1.5216171915517906,0.576370490417758,1.0
0.9602815081623297,0.5863733566603452,0.0
1.5382714344944204,0.17091455118253496,0.0
1.267640430744344,0.0528747779478177,1.0
0.3195506429103716,0.4090445434785843,1.0
0.6357153110065155,0.34449645464193557,0.0
1.6274129703886187,0.49755728731375215,0.0
0.112358002307134,0.5796319923056568,1.0
0.397547081477942,0.12114671851143755,1.0
0.588600166075117,0.5138204331658444,1.0
1.5472363828685072,0.45093686384179443,1.0
1.331189212473663,0.26318571981841987,1.0
0.44454078400531283,0.4332775956200857,0.0
0.7392221706140361,0.3222613179746582,0.0
0.2384591361489976,0.37824869317124266,0.0
0.03433572006259378,0.8092904793764378,0.0
0.07645767122201752,0.2296601705746807,1.0
1.2304761003072253,0.814874951773626,0.0
0.7824407108792231,0.5143372581141683,0.0
1.98208821668085,0.6840361344612524,1.0
0.6681934068568158,0.4385250990397823,0.0
1.5604394598777187,0.055460101963938246,0.0
0.4401632975804597,0.2857864657413103,0.0
0.6096766007067524,0.5293360323309882,1.0
0.3600643931090224,0.8395863457087339,1.0
0.27890773638763644,0.1737438323573698,0.0
0.2628351767906312,0.47290710649025147,0.0
1.7060783183534998,0.6060796458699562,0.0
0.12689833849752574,0.8410519815109561,1.0
1.5454699839572261,0.09530268080684168,1.0
0.629665613345296,0.04720848218817786,0.0
1.8138208648369447,0.2906822674322931,0.0
0.7017846762032527,0.4334127592508217,1.0
0.6780668994929531,0.3547637152665596,0.0
0.033810327126798656,0.9227544382567849,0.0
1.2529741150873617,0.36199488280607994,0.0
0.23870188481445265,0.72695900624765,1.0
0.6184361648305479,0.14652918975414075,0.0
0.09883130415240093,0.8055330321731151,0.0
1.633174848170396,0.29834368607169304,0.0
1.6511148328678509,0.2894623863155016,0.0
1.654713808924482,0.13399551112927388,1.0
1.7143952361584378,0.3676907384769176,1.0
0.4403814902688623,0.04953330002858247,1.0
0.27202981222820877,0.8796435596428186,0.0
1.1905367137164387,0.5307799350640823,1.0
0.3868553098319534,0.40438905992782936,0.0
1.3824310951997967,0.4341973684799495,0.0
0.8201860168713915,0.2867306496872499,0.0
0.9086428809733202,0.5298541978783646,0.0
1.6037654442664153,0.7485511121413685,1.0
1.9336349941523319,0.3674166636208619,0.0
1.7725992231975876,0.6510931383932661,0.0
1.5706291423886523,0.8743468518902201,0.0
1.1405056630118855,0.3532203752460177,1.0
0.7389520599686332,0.5875370255180411,0.0
0.21158800703541236,0.07877377763803628,1.0
1.7576289625422046,0.5469194748963363,1.0
1.132949164652232,0.04400858923318851,0.0
0.9964583937242615,0.906650630152753,0.0
1.0576370212212147,0.4493318488508933,0.0
1.6409264384483042,0.6590805732014138,1.0
0.09600456483521858,0.8348380998164427,0.0
1.3592535525807616,0.7506211303979541,0.0
0.4235109612189951,0.8864602381236368,0.0
0.3383814327248533,0.36151992202986327,1.0
0.24284024486323808,0.1785825209353873,1.0
0.27306166602840976,0.2766986297015377,0.0
0.18858660099250568,0.7560365910892181,1.0
1.1611834256511013,0.7131654536842064,1.0
1.974071956452427,0.9309746216605054,0.0
1.9217681564467497,0.8418379346352893,0.0
1.9713089904513081,0.8010694351997932,0.0
0.6755939403987472,0.017436142332254434,0.0
1.886569608432871,0.3284506801345539,1.0
1.2146239085932704,0.4263258097118119,1.0
1.0548822746589563,0.4626244660272736,0.0
0.17977830757187438,0.8465128363171873,1.0
0.07828697243852267,0.2637154445275728,1.0
1.529890107524465,0.8987005980677006,0.0
1.5400598490290098,0.4621596566993059,0.0
0.22744334817428702,0.38042561666994246,0.0
0.4813170268947615,0.36132887330133534,1.0
0.47319961971631086,0.28424450981560834,1.0
1.9134737604267449,0.7143954665630263,1.0
1.431748152430586,0.11795293448245447,1.0
1.5100597744593018,0.4737000718197326,0.0
0.24652655784848496,0.811792329906211,0.0
0.8507641779978086,0.9349772190785304,0.0
0.11165635771350924,0.4443735575236871,0.0
1.3881181898271548,0.8676083580142679,0.0
0.8520413688056392,0.5589806796560549,0.0
0.8785725444868611,0.10123739823559053,1.0
1.9117591759896282,0.28364168158541914,0.0
1.7130553680247835,0.2943769644400296,0.0
1.6533497575742464,0.7508643706365782,0.0
1.0588201137570574,0.8872406215989982,0.0
1.6409257807923834,0.07410190433355279,0.0
0.5643661080204232,0.08378152751956647,1.0
0.4216052674951616,0.056478506307880205,1.0
1.573843018653886,0.4549443182310189,0.0
1.025512318853116,0.12141235220745905,1.0
1.8416346802680463,0.6321326899825387,1.0
0.3728523512289301,0.9250698077648933,1.0
1.0735497821421658,0.5641490004531909,1.0
1.7933941208417528,0.4839130632913392,1.0
0.16595889428531563,0.9204081076231657,0.0
1.4735248733109563,0.20854166397252138,1.0
0.010656034724820573,0.06677591375131453,0.0
0.8213565595247672,0.005688347542305183,0.0
1.8391888390452544,0.8853445021218455,0.0
0.18682685988329006,0.9032412560362948,0.0
0.6003395906581934,0.10939385869037543,0.0
0.8697966824743009,0.06853997545980917,1.0
1.8095069428528443,0.35745673715639015,1.0
0.15411205344700885,0.798760224235925,1.0
1.3233142934604307,0.5698012113979085,1.0
1.5467261113072965,0.44090258095904933,1.0
1.0214601998998436,0.9477672334248438,0.0
0.5606688839382681,0.37075736628964817,1.0
1.5428192670801004,0.6786473975586829,1.0
1.8750941102884222,0.8675621256922764,1.0
1.1474385861680012,0.861680158434781,0.0
0.6376381457057665,0.2730754103707632,1.0
1.4489493394870732,0.33975362789535657,0.0
0.9317757379132148,0.8831835195198896,1.0
1.4045338356076504,0.08670196902943583,0.0
0.9110517620506704,0.644548598197331,1.0
0.7964630031992534,0.40687863677109104,0.0
1.335769902304662,0.9511571256340317,1.0
0.44927662248081357,0.7696210272976443,1.0
0.34117211846766216,0.8264668589791685,1.0
1.0983420841521039,0.13272448846086837,0.0
0.991686154343448,0.4421293923623808,1.0
1.9992895483028834,0.49052992617720337,0.0
0.08205298310682574,0.37412193582459163,0.0
0.6033787218785127,0.5234400312226786,0.0
0.8145739224802921,0.6216047847685602,0.0
1.811666668617559,0.6729518214195189,1.0
0.9675794334375081,0.49454613393266056,0.0
0.6415652551100388,0.6520017157546915,0.0
0.7950183044382799,0.34253057098707307,1.0
0.6079863507982677,0.5068492761976169,0.0
0.7940151349885829,0.9105905697780711,0.0
1.5086531638673897,0.3645643097903909,0.0
0.1496138291515332,0.15997939437196995,0.0
0.09439033957869403,0.4586096581037816,1.0
0.7485864698041924,0.16289944188201644,1.0
0.42575265126978445,0.23519639240408263,1.0
1.1343884719007549,0.42061953132386465,1.0
0.553705112879237,0.8322047062295779,1.0
1.8557056598450647,0.2058573048459511,1.0
1.495017211683127,0.5230079003401928,1.0
1.9739529168196952,0.2593282981722217,0.0
0.715729428967316,0.3781498480252212,0.0
0.32689546611132125,0.7809139133570575,1.0
1.4381251847748435,0.7563904440188902,1.0
1.0720301715312064,0.23586332332092574,0.0
1.5971823916120864,0.6619873248589804,1.0
0.921276513721974,0.7721846602531373,1.0
1.2231045991650575,0.4554172455616403,1.0
0.1613125744474817,0.9791297684779938,1.0
0.9801028170629611,0.8976426064525843,1.0
0.12826675490866601,0.9199858723190495,0.0
1.2704425639908339,0.7377623446346682,1.0
0.19436321797648004,0.544784438384388,1.0
0.7464825112783326,0.6721033916620447,0.0
0.7351593859184928,0.9585393785611744,1.0
1.5002972286628873,0.7053319091551928,0.0
0.16978183989751816,0.5377970810445439,1.0
0.49374053629169845,0.24005172190193647,0.0
0.22527788498983914,0.013644123265674324,0.0
0.5822030784463317,0.025648978458499783,1.0
0.7928182251800722,0.09492406839576084,1.0
1.435413291356869,0.2864636041689921,1.0
1.025454078180289,0.19960692220435428,1.0
1.7370773424761239,0.5397865594542641,0.0
0.9784142205472159,0.755660992740367,0.0
0.681177602101137,0.6374611682534816,0.0
0.07899598572746025,0.2902040870842153,1.0
0.3964725731159606,0.4019936260741295,0.0
0.22587189468710678,0.4000715550928593,0.0
0.040338923475383044,0.3970800495657505,1.0
1.4371376419183133,0.1786033407653751,0.0
1.3023383033184956,0.04914678927949534,1.0
0.7189625930122339,0.26209764049883877,0.0
0.7276726204860513,0.2995383205165575,1.0
1.0011284745326763,0.5542676877681841,0.0
0.40724427237553096,0.9173360506610982,0.0
0.31708791715404816,0.3620139975788923,0.0
0.3999664478121754,0.6307175416066191,0.0
0.280317304231541,0.5198481104056613,1.0
1.6222831635250088,0.7790759558117271,1.0
0.16434789028700325,0.3045629477810784,0.0
0.4288509236126936,0.0853076336020765,1.0
0.1618733811513251,0.5574645232810633,0.0
1.0867708346666678,0.31689073207484264,0.0
1.4078690401962874,0.8625143758526884,0.0
1.6858009452289882,0.3612732521837382,1.0
0.0063314362595265905,0.6833756749266815,0.0
1.5817716273463094,0.314442352078658,0.0
0.6454606266243166,0.8428254450132826,0.0
1.7925003359493792,0.7162441840452745,1.0
0.6088184487606494,0.5200354215292216,1.0
0.6800067249055224,0.5860494364012099,0.0
1.5598105663432906,0.7234084278218177,1.0
0.5978170864401633,0.44096377567965295,1.0
0.934454783048549,0.06612683341805858,0.0
1.6717612933578543,0.187297949576684,0.0
0.8972293253884156,0.5700204646992719,1.0
0.6150594256878221,0.11566483000505967,0.0
0.45674378279465966,0.13094152277949345,1.0
1.3167264969712618,0.05349320853514128,0.0
1.884459420869744,0.4847888335145959,0.0
1.0632465119246597,0.8759517576879562,0.0
0.49852415630247093,0.20211549998590472,0.0
1.1411471659806554,0.3290476575504372,1.0
0.04517224312717837,0.8426297694122044,1.0
0.8205078497034222,0.9891829598647188,0.0
0.3736483288673176,0.33366938594175255,0.0
1.2609769273202889,0.3411666743577497,1.0
0.6551567764201991,0.28407285717039665,1.0
0.886554115665096,0.10963743293621686,0.0
0.05278931577861923,0.20012274667168062,0.0
1.5963170117254226,0.38192943684630054,0.0
0.6045574008225412,0.2780397743249009,0.0
1.4251924179119744,0.19031824408519826,1.0
1.3531715273928178,0.41609132963319395,0.0
0.5496305763348888,0.654734646194958,1.0
1.325743203110866,0.4108276517475272,1.0
1.3347602612168226,0.09114547190570343,1.0
1.6249138519517714,0.19440501041790403,1.0
0.2647037887282817,0.4342378421083617,1.0
0.3957567746389907,0.7816535559268319,0.0
1.3627126274277452,0.23891712881344995,0.0
1.4133972614082024,0.11521002046283246,0.0
1.4061240484079869,0.5659292348666239,0.0
1.4546658201797737,0.913693633782649,1.0
1.030282780712432,0.702575045611326,1.0
1.615821674683383,0.08660995036936259,1.0
0.3384792754401089,0.1916632095477646,0.0
1.4071545830330259,0.23241032283250862,1.0
0.4929676992388845,0.3528879942043309,0.0
0.5292179596017925,0.6147813754282826,0.0
1.5937467177406122,0.27324335717422266,0.0
0.9490427167313056,0.0332224119180079,0.0
0.7852756836067374,0.1632770293060415,0.0
0.6928838650259741,0.5602122945500709,0.0
1.0734980985910556,0.04949985955441372,1.0
1.4850479641616925,0.776250207675487,0.0
1.1447513639788736,0.642743678121314,0.0
0.7326161951851435,0.31538870554402076,0.0
0.6383896292705828,0.03755344830836049,1.0
1.7154489607200127,0.7010641220474619,1.0
0.4222496711131911,0.5887475917986809,0.0
0.4677364773283368,0.4056755199566402,1.0
0.19478695166507065,0.024544016576774408,1.0
0.930076976454761,0.2562230093562462,1.0
0.4728910623556135,0.8170004186145061,0.0
0.36103595876094735,0.520256234176432,0.0
0.893375913715261,0.03866106814751358,0.0
0.573933469810098,0.6345509150287022,0.0
1.0238415084018968,0.6211253526743795,0.0
1.8955793193587944,0.16729195026037702,1.0
1.415052612076124,0.22071157093228844,1.0
0.4000941336224524,0.8448762387784122,0.0
1.3728434701223724,0.16649165111598474,1.0
1.546948376690619,0.9969925815542338,0.0
0.13594041840300775,0.5880753612834908,1.0
1.0444163502859645,0.8893168988908863,1.0
1.7547292347481132,0.9165524556189075,0.0
1.9356889814697589,0.24068547198448587,0.0
1.617826310991335,0.9731889919712202,1.0
1.8424311584460729,0.776413779675273,0.0
1.897407990767052,0.6052693613649174,0.0
0.03804543962846818,0.42850573540414305,0.0
0.015621626081116835,0.2624052700539037,0.0
1.7981108438519398,0.9021921747796836,0.0
0.8877755944814167,0.5048399460288246,0.0
0.31907301863680915,0.512467962499655,1.0
0.31693019954795454,0.40883219217362365,1.0
1.6280514585532884,0.35831193781883053,1.0
1.982919825477691,0.9182336068264202,1.0
0.014511252036704336,0.9591684035043858,0.0
0.7310692483941827,0.730825656042495,1.0
1.4583455819483577,0.3626835104949562,1.0
1.0382914341206197,0.07658427805272239,0.0
0.5582779939626956,0.4071234234976523,1.0
0.18513959853629935,0.7545086173817682,0.0
0.9325896826024549,0.39868224405509944,1.0
1.4264962262294287,0.8193819971722294,0.0
0.14197968837156227,0.13999752312739844,1.0
1.2412584303654797,0.06180288994920313,0.0
1.9573708007496575,0.35500889658097057,0.0
0.861400190295728,0.9535776197072775,1.0
0.09321415017234445,0.8083368080655079,0.0
0.050664800360316065,0.029878450445016247,0.0
0.7936648675893927,0.5145738424495313,1.0
1.3880803961346184,0.9417291996254036,1.0
1.9046904961955702,0.8690988649717982,1.0
1.7754977452621532,0.907018006737918,0.0
1.0815934313624815,0.9814032773031762,0.0
1.3397750761605092,0.727656808905914,0.0
0.7363979329079597,0.9022141853686587,1.0
1.0028289520284734,0.5611898158602853,1.0
0.6849737398977516,0.8570140092707002,1.0
0.9434037861067675,0.8251001559493122,1.0
1.3046079375568476,0.9528223317311079,0.0
1.7760398724293585,0.7692173031602195,1.0
1.611440133195137,0.6301031724109916,0.0
1.5270049669028556,0.6388329006597707,1.0
0.763311384819968,0.06453827039785587,0.0
1.10199690806499,0.8358835751708452,1.0
0.5741457355818995,0.8905044740140389,1.0
0.389496048530261,0.7466414496342219,0.0
1.0644968408934525,0.7112215935551082,1.0
0.7394848083280001,0.08417237067251881,1.0
1.057734899801443,0.10995283796739674,0.0
1.2120757223804184,0.38629724628527595,1.0
1.8097015904943308,0.14489867497855935,0.0
0.3005086773383696,0.3317789715727526,1.0
1.7625132658230163,0.22245651491767027,1.0
1.9256190543272633,0.05764218048144831,1.0
1.641519241160324,0.13683563549380606,1.0
0.30504595608382257,0.6769625362882178,0.0
0.7522469948073478,0.051382073782392346,1.0
0.9324306868765897,0.3384606411812998,0.0
1.3377970072839722,0.8586113233903978,0.0
0.48331381649532057,0.1961480455024307,0.0
1.3004761294783012,0.549101478841627,1.0
1.6960419643888391,0.8019040797605744,0.0
0.21735342357175136,0.932998272292778,1.0
0.6909386849317669,0.17816392013464144,0.0
0.11151561020816116,0.5216823369416291,0.0
1.9094823249211827,0.7977026560423622,0.0
1.6911186494769377,0.05924552690993101,1.0
1.994691283098278,0.9888023953142269,1.0
0.465697121193394,0.5908573653696076,0.0
1.352244403161943,0.8704191073341992,1.0
1.4315991920883595,0.723746723833333,1.0
0.313202316062307,0.17230439252982743,0.0
0.29629111948797915,0.5494926147749888,0.0
0.6504857615939972,0.18219595679358402,0.0
1.5176826759139677,0.5433248497149047,0.0
0.9362199762762491,0.5797382324151584,1.0
1.8651264649676977,0.683476589020045,1.0
1.044978007015455,0.8585737367001065,0.0
1.1014026874204335,0.11801870964685424,0.0
0.9745097103786449,0.2518565581466534,1.0
1.1589294700126391,0.08178801735628793,1.0
1.7163882919389368,0.4799275873759423,1.0
0.734151061670854,0.04586009988454809,0.0
0.19256340009235662,0.5437338747340716,1.0
1.0759113375664868,0.18589671460767898,0.0
1.0743209705742858,0.30671878500363703,0.0
1.4347034630737032,0.6595600284939671,1.0
1.6370351998409776,0.019569573721698097,0.0
1.8013537344964905,0.7913146717464846,0.0
1.4181618141626828,0.8789645516473487,1.0
1.5923813811527932,0.02749917914401001,0.0
1.4011547876569341,0.8925399541975512,0.0
1.0259777217812167,0.8148410110432561,1.0
0.75494689325785,0.1783545871353781,0.0
1.3734521801922521,0.14836479321801355,0.0
0.4255479290924411,0.15684041821943995,1.0
1.779202445232648,0.5592114476857378,1.0
1.9521084278001262,0.5667282625125006,1.0
1.2579042935155746,0.10284209004477918,0.0
0.7224001997097149,0.43439831350992697,0.0
1.2974801245684882,0.49333494011638557,0.0
1.81361207818023,0.717525027506587,1.0
0.9213174115526845,0.42253155808008713,0.0
0.5218214667001362,0.3090471178446572,0.0
1.1440821742986946,0.690433833806943,0.0
1.82813748412048,0.5294329831867157,1.0
1.0161060614400703,0.6958888899512986,0.0
0.35629621089514263,0.36085151959025175,0.0
0.8795033778570012,0.5836657357145096,0.0
1.4065515627052694,0.44312107193539807,1.0
1.3611768145683616,0.9796734465536002,0.0
1.0007141010026266,0.8229016345767975,1.0
0.12552380764631788,0.10480381430571784,1.0
1.0331556520651115,0.9514524204877794,1.0
1.303820434790004,0.8099635604082726,1.0
1.7873997686845153,0.0023930592136334194,1.0
1.4965803661542638,0.8544131172430939,0.0
0.39455475718543376,0.7570173976467254,0.0
1.3544149081152603,0.42610919801359837,1.0
1.9798201530616162,0.5376751653603842,0.0
1.6117136468666684,0.5251633305903574,1.0
0.6704263588837471,0.08240741778217486,0.0
0.9449520028587235,0.1061811342189336,0.0
0.5795540325773207,0.8322580848621332,1.0
1.160947281039799,0.7535902240727429,0.0
0.2712580110008671,0.3328136665643229,0.0
1.5136576014067915,0.38786072842006336,1.0
1.280111954049734,0.617965614532844,1.0
0.20388636845248942,0.0473174375727663,1.0
0.009591636465855702,0.4988885469425651,1.0
1.9748740224682602,0.8685576463478687,1.0
1.1389448769982349,0.37813653085478427,1.0
0.09426513605856068,0.6432496666546954,0.0
1.6857875958014708,0.4519490092233779,1.0
1.6668860212393757,0.871753465476196,1.0
1.7519589322336295,0.19840541136500944,0.0
1.8090443489949342,0.7586896889382759,1.0
1.761607717871103,0.315242724179166,0.0
0.08437512966690996,0.15965508423173658,0.0
0.9116276978825384,0.1002459554546602,1.0
0.7530184117576357,0.20905692614986182,0.0
0.013948561957794592,0.534569440370976,0.0
1.4069489903885488,0.6764020765386268,0.0
0.21144780090665405,0.06776096393581088,1.0
0.06548149673414327,0.4121614369624903,1.0
1.7119143842276017,0.39452700760610304,1.0
1.2780714510658195,0.7535327794551218,1.0
0.01872991992446615,0.772511853828952,0.0
1.0010056709306356,0.5255960724705914,1.0
0.02499783534211342,0.10856767027354997,1.0
1.9194547797182024,0.6823922348054792,0.0
1.7216601099493347,0.4651801778398684,1.0
1.3631983226633078,0.8186748942977081,0.0
1.597967842957036,0.7398484759165957,1.0
1.8106850029534864,0.14999221230602333,0.0
0.05574856036299569,0.40410957482117893,0.0
1.2019674911922464,0.2319703804591109,0.0
1.3861645007619001,0.16880208553751552,1.0
1.2206938416358943,0.41513602819227013,0.0
0.74193773786622,0.34333888236694354,0.0
0.9108264174496161,0.075582914721669,0.0
0.39749055359331154,0.5139358750191945,1.0
0.15603451496705834,0.8172368669025273,1.0
1.2676847613301052,0.03866206239099157,1.0
0.5923864186105083,0.23075212222256414,1.0
0.9442410725805426,0.6045978993871669,1.0
