0.04889627699134414,0.9615484065596469,0.0
1.4340699244929127,0.328145127155831,1.0
0.5389411685579257,0.9555127443198355,1.0
0.8239001520212879,0.3733231652268779,0.0
1.90764956031136,0.8603895051579408,0.0
1.2292663338933212,0.9490377515246268,1.0
1.6359021224491923,0.040148030682759295,1.0
0.027647616395000126,0.1652475799843487,1.0
0.6664320727979736,0.2504609888384647,0.0
1.7161207822266045,0.7808676112255866,1.0
1.6472258631817558,0.5185795372177702,1.0
0.5138162970993094,0.7941202081937453,0.0
0.6324130305443252,0.9401233881110418,1.0
0.596319914888005,0.9885682985181451,1.0
0.46808667654277225,0.7773249242858523,0.0
1.0537384807515744,0.14544064750724683,0.0
0.2718649987784052,0.5065400372430515,0.0
0.8616641772472666,0.7476888978470179,1.0
1.197867387315194,0.46199274055579886,1.0
1.130034788370144,0.25791348099695177,0.0
1.53923707863421,0.9209903431454638,0.0
0.05224329175690534,0.8757950096252534,0.0
0.329588801064139,0.5514118638301726,0.0
1.5191080411417752,0.8684605374241358,1.0
1.5799189569839036,0.27555411381802086,1.0
1.2857883641106085,0.7074859660690453,1.0
1.7282814148845747,0.8797415787072148,0.0
0.9319360983039713,0.5201134680343558,0.0
0.5423182469195758,0.5544786125896024,0.0
1.8393000793274734,0.6794442638797434,1.0
0.21500155041323255,0.9433696880010869,0.0
1.0836251491292812,0.44910174566365824,0.0
1.4620869846616995,0.680412792924765,1.0
1.2115851682591263,0.2783182226745826,0.0
1.4809278350972708,0.9273539305959365,1.0
0.012029760853683902,0.15875593493187334,1.0
0.14322718406781032,0.48901933297265865,0.0
0.45950384321802185,0.3221997371837656,0.0
0.7876935388826245,0.023230091677212794,0.0
1.5992448481389359,0.5580589337131576,1.0
1.0255076673682837,0.4569286212907602,0.0
0.3362445368586282,0.43390990045450917,0.0
0.23249346455519304,0.03711884228283624,1.0
0.3714040694870527,0.15839141810609159,1.0
0.9203812272433796,0.44551399234796785,0.0
1.5726510208116111,0.6808287686766383,1.0
1.4819178046100316,0.24901192508072634,1.0
1.3678449095922645,0.23780188478199782,0.0
0.28801332995489193,0.636892374920761,0.0
0.3516399005129991,0.5118478516358386,0.0
1.6579118428910435,0.5011229327447283,1.0
1.4679156499050336,0.13502659807966033,1.0
1.5691315343240995,0.4516508507495838,1.0
0.9591698204387504,0.6729783106429514,1.0
0.9494672759256961,0.28969237148894533,0.0
1.2487295765553876,0.3947534150717843,1.0
0.5771311388436575,0.3954241870816876,0.0
1.6893237885768801,0.9250189728265923,0.0
0.6939995757889279,0.5572841687590628,0.0
0.9966037253260551,0.5499669914037337,1.0
0.3050357235405303,0.9250865898221091,0.0
1.6419828933430944,0.46445233981522127,1.0
0.04984268389984293,0.30020395276523304,1.0
1.465347415791235,0.43079992079764506,1.0
0.5300823587453807,0.11986579352592774,1.0
0.765091632937583,0.7966914000505061,1.0
1.045895319173798,0.5836536243453019,1.0
0.852287820773769,0.3901392936698319,0.0
0.570464951798217,0.9545548920387568,1.0
1.425410979976253,0.45626426666415476,1.0
0.3763710704924319,0.27749148552599157,0.0
0.5658813257652231,0.0904427161343142,1.0
1.393378065335891,0.5315732137955871,1.0
1.4914757280944422,0.5721827374518565,1.0
1.3191297367867214,0.7694620462977412,1.0
0.6054961384156099,0.769843973398641,1.0
1.3699979643408735,0.6787522610130128,1.0
1.1879947848503878,0.865962584158302,1.0
0.6213443175848468,0.0027179439188133037,1.0
0.7667860401506887,0.8727195828862222,1.0
0.19960778197238804,0.8670761993033893,0.0
1.0823498907931521,0.8217705922779863,1.0
1.6566604733303019,0.004141236931846093,1.0
1.0670830382102037,0.8659070031136353,1.0
1.9909175594481814,0.12440506299573773,1.0
0.17991245792751798,0.6948724138763154,0.0
0.21593498522111387,0.5867132799189149,0.0
0.37624473442443773,0.10152429990222489,1.0
1.1915060045858576,0.0800302183470577,0.0
0.06516149837335061,0.6893524180605182,0.0
1.9066791680558972,0.6730661836765317,1.0
1.9943579222106123,0.5001392803078278,1.0
0.16194574127330097,0.4936605911988321,0.0
1.1809196823259978,0.3274123899413104,0.0
0.641975468466178,0.17487880894672814,0.0
1.3950239620374916,0.5496717165774516,1.0
0.6939416277241417,0.5932529591422994,0.0
1.7688697476969184,0.05781108998966045,1.0
0.7691296706731523,0.9128338690630124,1.0
1.0665682098149276,0.2299926762570338,0.0
1.2702823019276437,0.28465582527163646,0.0
1.1752200102942454,0.30958505179249174,0.0
0.8109951713621504,0.1942617135822825,0.0
1.4245160748729782,0.7400576631604135,1.0
1.2633518474435184,0.42189382729099234,1.0
0.6885427162175068,0.9992586364738414,1.0
0.1378626755594008,0.416376241476892,0.0
0.4475192593956816,0.2770851145398031,0.0
1.5398693905201386,0.6676669483477325,1.0
0.45670161434492873,0.5382337274833447,0.0
0.7313853928177985,0.9953255455379474,1.0
1.033440056948987,0.7335556665399088,1.0
0.019938396462616303,0.7349295039331624,0.0
1.211257377517899,0.07369441316190406,0.0
1.9216985898971717,0.671241825736512,1.0
0.28375366282235825,0.11679519408431538,1.0
0.10131862936526281,0.7627912458576374,0.0
0.6006911346013524,0.9198758488173715,1.0
0.33990069747892937,0.9654504110055172,0.0
0.2651109118524606,0.9619618168385623,0.0
0.27570798550184783,0.0054891443614452085,1.0
1.6600782495479955,0.9073342494067153,0.0
0.059810526273385234,0.7953227265014942,0.0
0.3818435141922716,0.4241754129234673,0.0
0.609896421104203,0.6735511544374476,0.0
0.011197096195271206,0.5568513457677209,0.0
0.35445840401938455,0.8303803142006646,0.0
0.8692447365748537,0.17640102459536955,0.0
1.640632791821782,0.41206824224681693,1.0
1.3133911473473212,0.03399987465600596,0.0
1.3895441098144916,0.8680637798577101,1.0
0.4948466480567246,0.6310681513888251,0.0
0.4657275645502561,0.3090896935479519,0.0
1.7953431491861263,0.4187524940345785,1.0
0.23043239804435323,0.19575882014121748,1.0
1.1991555224974215,0.6165616964018564,1.0
0.137431373675323,0.7725976905353857,0.0
1.970608903966747,0.7912502654374145,0.0
0.9322867638803527,0.9973101430685596,1.0
1.6776017469037239,0.9233042471210294,0.0
0.15835632695586477,0.21514201896068563,1.0
0.8046665989536743,0.5851386180272635,0.0
0.5570544739221728,0.5113274745654096,0.0
0.12049671080874624,0.4223522847223562,0.0
0.43280211174559446,0.0656596631394285,1.0
1.8422501241569575,0.02188539891833574,1.0
1.6528782679678837,0.8940693670391974,0.0
0.996236861713077,0.7968474817571514,1.0
0.6382161109815445,0.9958705676353723,1.0
0.5791351756642411,0.830384362514949,1.0
1.6056146960723254,0.13027571007886496,1.0
1.9107507013519318,0.060820688525279776,1.0
1.2233012672857841,0.49426319842428246,1.0
0.8185730621372831,0.2999502889596726,0.0
1.8518801117941366,0.5108649159228944,1.0
1.3813517320885724,0.38467964513393227,1.0
0.08462292036667707,0.6140222689808197,0.0
1.720673280536601,0.6354809943012313,1.0
0.764544571928164,0.9598474346346272,1.0
0.6736977351326445,0.2455607283818837,0.0
1.9711526554972467,0.3169503047574693,1.0
0.7659471292287232,0.08085382461522161,0.0
1.564309504622838,0.5559480991706036,1.0
1.056742458756481,0.3244045451710762,0.0
0.004297352950403122,0.9482242531585137,0.0
0.16550412198182207,0.07566629641026013,1.0
1.5611807784560316,0.6732705118758538,1.0
0.5488893587567956,0.4946219876078527,0.0
1.3787410551815473,0.46752189088248497,1.0
0.5462333823784593,0.24416192079862198,0.0
1.70167072259918,0.2989638646046844,1.0
0.24702117078040664,0.9691745492550188,0.0
1.6444257341631163,0.07683300617922173,1.0
1.1136091297244024,0.1557748576076704,0.0
0.13966469036422402,0.49337795328743606,0.0
1.7139303842017812,0.5543399560154485,1.0
1.4854118920379513,0.26995161901037357,1.0
0.817751199457132,0.70771741649278,1.0
0.37248094178595603,0.2193939145065006,1.0
0.9577040424303236,0.5255814652017261,0.0
0.8791350423529882,0.5843806713638203,1.0
1.1091361688960533,0.8246463507256709,1.0
0.09603983119130466,0.0164407886288902,1.0
0.9852489613026661,0.4273580426095027,0.0
0.20118663412863502,0.766579884264273,0.0
1.996531443831533,0.9728947674423515,0.0
1.834126038029296,0.8230289645813357,0.0
0.6736926083196528,0.9341089130692033,1.0
1.7532351857171156,0.005546920096311081,1.0
1.1463216399168683,0.7471678513142264,1.0
0.9481550177462494,0.6552502366584537,1.0
0.14648584524150743,0.9796708079333218,0.0
0.4925036357404309,0.13100215951152006,1.0
1.824489833769466,0.5680513382491921,1.0
0.7333214381776827,0.5597654583317265,0.0
0.0507874693288628,0.25756046148268186,1.0
0.3176819668243851,0.8833063354248082,0.0
0.06851405191060222,0.035744891666012135,1.0
0.6713091751164242,0.7876616379658287,1.0
1.4230829367668565,0.1637491475543783,0.0
1.7224463340800973,0.05858406974754071,1.0
0.5116426008889792,0.8271972714613306,0.0
1.58392573713923,0.262640789233928,1.0
1.0572152700663342,0.7706281445942353,1.0
0.7222453180873722,0.9964652141636476,1.0
0.8796445470120735,0.1163740389452067,0.0
0.29616222022415695,0.18795959134620543,1.0
0.6514085524801845,0.32451443069458474,0.0
0.5830284001754855,0.8425616805762766,1.0
0.39008905087047885,0.9286044493975827,0.0
1.0656507141346383,0.04175478658600418,0.0
1.8586418398177353,0.43859946850784104,1.0
0.8324830556346388,0.6672686868458028,1.0
0.3683082892109393,0.24868953572474461,1.0
0.5551283768731186,0.521516866014104,0.0
0.1981825726236215,0.31513681267377414,0.0
1.0755060410888888,0.25251752409067063,0.0
0.8911662840324666,0.6634551516636235,1.0
1.2228751304575427,0.8874155904172127,1.0
1.0530072847635454,0.38288106752012185,0.0
0.5518532749080427,0.14883121211029993,1.0
0.2880232039038635,0.8632009256180725,0.0
1.2423291899544635,0.4301848669037176,1.0
1.214228974775915,0.27810878388224936,0.0
1.2804767687315401,0.44130578821586053,1.0
0.12881385090945008,0.8828570340715827,0.0
1.0939680804018037,0.6425527792452881,1.0
0.7176768065762704,0.8760059429606927,1.0
1.4527914857098794,0.027608266387438185,0.0
1.5808547677840212,0.5164019694182583,1.0
0.2838697843617046,0.7218632528424789,0.0
0.9412505998084333,0.3080120807665644,0.0
1.054754367538161,0.5042598862473657,1.0
0.03192123267618907,0.050252391288957976,1.0
1.3001026917274243,0.48068456356901923,1.0
0.8171916377393051,0.8738992044415488,1.0
1.279688272180722,0.6790312712523642,1.0
1.7353607708959429,0.10495943451377654,1.0
1.085359470973371,0.8703019152625474,1.0
1.5968781900928344,0.35135878922414265,1.0
0.9697924250862524,0.5604280740593894,1.0
1.7349172471211671,0.36437356959276535,1.0
0.6360487711042515,0.8343237915516737,1.0
1.0423735729749004,0.2938774758860242,0.0
1.5976675889000944,0.1416611831638881,1.0
1.4816383119715837,0.9907848276606621,0.0
0.006615430947071843,0.3754186205344935,0.0
0.3063835209616037,0.8800904610218904,0.0
1.332534911907656,0.7439347677749472,1.0
0.4727304642762662,0.789834222403383,0.0
1.9952570754097603,0.07953706520715764,1.0
0.14371985991101566,0.061957974256235726,1.0
0.19297243110297524,0.5923468634333041,0.0
1.801958002107781,0.08561375857026876,1.0
0.8900084890551172,0.28751955289688247,0.0
1.1673165411119586,0.9582802289301195,1.0
0.04286019375153116,0.8013033252614384,0.0
0.5757349177883075,0.8320472966049829,1.0
0.6343115412749472,0.050036186340985944,1.0
0.26899400240514004,0.6974189821631329,0.0
1.059650201658415,0.752816240595738,1.0
0.9199674409668692,0.7444212050024068,1.0
1.196445926986094,0.6425747485046248,1.0
1.743178168345454,0.32692289083270676,1.0
1.5076826861655517,0.34634599524235654,1.0
0.09928474997006953,0.5580817359487166,0.0
1.0705190124187796,0.9270364530046896,1.0
0.5478358404217938,0.790411892506301,0.0
0.008714900899802203,0.3563309753147038,0.0
0.5028472246452611,0.8231648284919628,0.0
0.6331146578724878,0.965758026104615,1.0
0.8526200249910054,0.44340019647221895,0.0
1.9118137971005893,0.6011666537245992,1.0
1.2168860040249594,0.8788686586650779,1.0
1.2000535660445761,0.650110239554224,1.0
0.28376570218024466,0.30801443591824507,0.0
0.867906948754779,0.23231077033461467,0.0
0.3871970512639711,0.2741089425342772,0.0
0.30349683846910475,0.23660251961586443,1.0
1.108935806301141,0.10852046507556712,0.0
1.8989853022881684,0.29010878312473254,1.0
0.2624998992505889,0.8482587353237664,0.0
0.3949227606788204,0.38232891692876947,0.0
0.8341327058519796,0.9894926415665867,1.0
1.1924234006628112,0.8094353251184229,1.0
0.36008193624279894,0.5567877322709799,0.0
0.39451808806857036,0.8657911974849324,0.0
1.2019484158582914,0.6298543823859419,1.0
1.9501497730615178,0.35413761780719466,1.0
0.6296583760993364,0.7246137836450578,0.0
0.30651357914155297,0.0016879274101629926,1.0
0.52164046449101,0.43084421132254047,0.0
0.6148367290380587,0.48223319213390503,0.0
0.503760159931326,0.6625689452092227,0.0
0.9872677643390371,0.7915032276187971,1.0
1.5812528462025088,0.09408821660951527,1.0
0.6616003887164901,0.5706203336505391,0.0
1.961410722016608,0.46528343810740225,1.0
1.0599020605277722,0.002201032634182587,0.0
0.48721863195468385,0.1947806844583081,1.0
1.0243462282223628,0.25082915460436006,0.0
1.6750264753784425,0.6284906906333021,1.0
0.41814007286222266,0.19970017028742537,1.0
0.5238844483407525,0.7937154799975966,0.0
0.4085603104523239,0.012515455257241848,1.0
1.7276522766146944,0.376164750579042,1.0
1.592214197674469,0.28636569519729893,1.0
1.2257611934403887,0.19365300942682728,0.0
0.5987833892620311,0.07581971240965879,1.0
1.8206907281864033,0.8250827150930486,0.0
0.3243812640205088,0.6126626390729061,0.0
0.008176240287079528,0.07150932878268235,1.0
1.0314124400572064,0.17729427312223733,0.0
1.9722066977463442,0.38194080589988033,1.0
0.03540009233847141,0.009435928112440761,1.0
0.2784733400668833,0.4910402604111944,0.0
1.7886746514767362,0.8695994303961573,0.0
0.26182497832256657,0.3858626822475413,0.0
0.4498806792572869,0.08571112367477018,1.0
0.9836209815524688,0.06730769649914381,0.0
0.012784662401724045,0.18696405075075218,1.0
0.7707067690031701,0.8445012755765094,1.0
1.0402494340536799,0.2148059726661834,0.0
1.573609673165276,0.061495348966772334,1.0
1.05363374280987,0.5155460238475393,1.0
0.5562194118196166,0.821247524112881,1.0
1.399481892983666,0.8130876116297241,1.0
1.3857312548301468,0.46322989060027353,1.0
1.1463329259344435,0.9230049257691918,1.0
0.9622124974745299,0.6584934679200827,1.0
1.5144464457141886,0.4446996778573995,1.0
1.6206385730891968,0.6340110203097878,1.0
0.07375476701997052,0.9100145612714267,0.0
0.15906637237467436,0.5227880044828337,0.0
0.09950838198542544,0.5571720713461759,0.0
1.9899152431750768,0.19414498902214927,1.0
0.9749504959445017,0.9431225039554268,1.0
0.6949860726689425,0.028427338024573534,0.0
1.6464833371940717,0.9297648299236893,0.0
1.0564055261126022,0.8015469971250638,1.0
1.6054255844975012,0.08608652910778358,1.0
0.5627861235785052,0.08812141366644899,1.0
1.3456694154338815,0.8124026540705114,1.0
0.3139582828694494,0.2735890756835442,1.0
0.658651125429786,0.42831300655011073,0.0
0.5392025875072741,0.331496018192708,0.0
0.8140979762679217,0.7122587712337091,1.0
1.6130847419719239,0.9810522168820063,0.0
0.8610791603392678,0.6144589396393436,1.0
0.15484228169269332,0.040346438203382684,1.0
1.9563073488036957,0.37824945504679985,1.0
0.5612116102651312,0.9245044568124423,1.0
0.5760926189350195,0.5658106645333335,0.0
0.3187258549845102,0.6217365183221921,0.0
1.3971861130832517,0.33904810455080137,1.0
1.7469431905259403,0.9234064649828496,0.0
0.5581336262441499,0.27326426620414745,0.0
1.8915422914652031,0.5876377554630895,1.0
1.3549778459571722,0.5767440971128003,1.0
0.8834365870063088,0.556357265264302,0.0
0.3152717879047573,0.27863482445863563,1.0
1.7557202338620808,0.017850809302911164,1.0
1.6544907920624188,0.8546576315519713,0.0
1.9228214438102333,0.1507184108654137,1.0
0.4743329118219006,0.9321423431676036,0.0
0.8911698315531715,0.17448741473410845,0.0
1.0992782899308784,0.3978715976416256,0.0
1.9485543026525425,0.37609720822648407,1.0
0.502713185240973,0.15696722154551435,1.0
0.5557024231920795,0.08798044849803088,1.0
1.2524872648384893,0.4215468912547752,1.0
1.1947553345400466,0.24925599559483602,0.0
1.025458844942821,0.061690394988430985,0.0
0.6073223467753175,0.7310308781219216,0.0
1.0867140388937888,0.37771606547583714,0.0
1.0339313281741125,0.3002783158701038,0.0
0.5300317750716925,0.2527644566987076,0.0
1.1769937265404546,0.6101884854355623,1.0
1.6174256906012991,0.5257675955313927,1.0
1.2433545122770389,0.7775646845256758,1.0
1.4199760984346588,0.27929542928178996,1.0
1.4077795344486088,0.552661136631087,1.0
0.9980997919156489,0.5847081976306683,1.0
0.4422362635266306,0.7463364574084986,0.0
0.17091942114525693,0.7738809519840494,0.0
0.9653232622088224,0.8366865440540554,1.0
0.9753564551982825,0.7392752240212773,1.0
1.8991646122735106,0.28994546930016296,1.0
1.6394111401283178,0.5855971698104947,1.0
1.9310081716300114,0.5721939880991006,1.0
1.3465179184484368,0.675013246610329,1.0
0.09697552001649079,0.7483415826701502,0.0
1.6460604507534047,0.7496623925268143,1.0
1.00967708193837,0.7163363179460276,1.0
0.26001295370477595,0.38421746740973595,0.0
1.2933953868328736,0.42743141343434443,1.0
0.22445629786791788,0.6556548172742223,0.0
1.3491783718525483,0.9452288560116384,1.0
1.9034597812622305,0.6959315232935943,1.0
0.15002949570811142,0.35356904365111674,0.0
0.11396757064563046,0.5691616035059419,0.0
1.3297237294773288,0.9976263053734384,1.0
1.4754603999861768,0.8663266743206821,1.0
1.6641558285070013,0.7331402791318761,1.0
0.9370838651312283,0.9171158919507921,1.0
0.34007261977076,0.167790684654606,1.0
0.30244854367908763,0.31508027991473087,0.0
1.873464442274898,0.06968029663533903,1.0
0.22126689888055215,0.33020150413125826,0.0
1.0691025724380674,0.8568062418777751,1.0
1.0034689165563173,0.09094306525528961,0.0
0.4277374260669946,0.16657330883406163,1.0
0.2756831406181801,0.17315741850887023,1.0
1.464912510976096,0.5519224010234025,1.0
1.4809832499294224,0.981190949702989,0.0
0.6548283332449534,0.4622419991920661,0.0
1.1621819470095942,0.6220280896844134,1.0
1.1665488358404659,0.3350074249285435,0.0
1.7349218020318056,0.5366246385737403,1.0
1.9371977302764443,0.6475885756486152,1.0
0.2875040334675054,0.25070309374035094,1.0
1.0613508395458262,0.6439875009938488,1.0
0.33261718920735794,0.8261008515647672,0.0
1.0725607760659148,0.2933584777716365,0.0
0.5783429234221455,0.7899348125414545,0.0
0.9484096016337411,0.6514606242134405,1.0
1.6111526024187375,0.5296031069568149,1.0
1.1394168473151565,0.49661719339087396,1.0
0.25293070644461824,0.517780314582503,0.0
0.6302143341897124,0.4364640658759209,0.0
1.3913503745913476,0.05082319374336808,0.0
1.2842931675987188,0.22941198443742894,0.0
1.1755210939132084,0.0740431540727533,0.0
1.9163050213069757,0.8153489441728257,0.0
1.2325587170714676,0.6351143794886449,1.0
0.6652090114024953,0.25110313045825694,0.0
0.11805218169511833,0.15313583835665712,1.0
0.8614521420614267,0.8205005651166253,1.0
0.7458011036497918,0.05756094746251683,0.0
0.1632749213211766,0.12178850799514929,1.0
0.041843638479462264,0.18196829121874947,1.0
0.061443988473550266,0.8169459825975743,0.0
1.144185273532192,0.9966342661898835,1.0
0.5469995865693229,0.2100738325949587,0.0
1.2732305544380003,0.8228222073643513,1.0
1.1536184593707466,0.9046858832331056,1.0
1.5184739998505743,0.25614948961171313,1.0
1.4751661844390453,0.4914369846851351,1.0
1.2799573616346147,0.16084655005055948,0.0
1.6390205792460772,0.38000123629055205,1.0
1.6631990347921737,0.6986354374223243,1.0
1.2634971658277505,0.3207919285060318,0.0
0.009561748641440104,0.8489694176550576,0.0
1.996461030633497,0.28559626726364196,1.0
1.148939301255566,0.5147391863479698,1.0
1.6733326381911326,0.49527712803798907,1.0
0.8100337579536663,0.7493388803492644,1.0
0.040826601074312796,0.03206331237839455,1.0
1.348462344842271,0.880624931745391,1.0
1.5249994187354132,0.37004785246769356,1.0
1.383003562382451,0.7787442060148393,1.0
1.5752692786836868,0.9354832521044634,0.0
1.275280340918464,0.9632206237045065,1.0
0.16545568345587025,0.6557049982496045,0.0
0.5268656080646161,0.8347979587635002,0.0
0.4645553151576536,0.4823214561347957,0.0
0.1837646720030275,0.3429170077561975,0.0
1.0357894227664681,0.9130475206462773,1.0
0.9334025320503401,0.1314062755004305,0.0
0.3858419841159293,0.6391336427305879,0.0
0.7546878367196725,0.052343271633289,0.0
1.5149720234835249,0.7095335241971303,1.0
1.0092804419882437,0.45432235642652385,0.0
1.2157836078713011,0.8467709831661718,1.0
0.514797705122064,0.254982958632163,0.0
0.6617701409913848,0.7345358222038413,1.0
0.7058558087643407,0.6722148298952827,0.0
1.3769195400505545,0.2611810304368899,1.0
0.8854952935594409,0.9964448186158529,1.0
0.05221192117495499,0.6611629588425036,0.0
0.8432417144222801,0.7455069943791016,1.0
0.14517561333464182,0.265821062758099,1.0
1.717133649827313,0.11120942549430612,1.0
1.0453544944761624,0.7679119171993701,1.0
1.1552475526258612,0.40264369071464534,0.0
0.5735899901100223,0.7996473264147078,0.0
1.1878730565487357,0.8910741629913772,1.0
0.7349541252671974,0.8037919143223989,1.0
0.7164488507157494,0.8011880399287401,1.0
1.0277505680883663,0.5231768771111006,1.0
1.3576603790240984,0.4052360662416544,1.0
0.23971271972462138,0.4452827992025886,0.0
1.7962391533780415,0.3614690993135862,1.0
0.5652858011685524,0.7571523835460048,0.0
0.3927241653669815,0.6021808316386251,0.0
0.13738745385969775,0.957147224342462,0.0
1.9876684310185826,0.36887958091683903,1.0
0.5840663215672093,0.865590874892741,1.0
0.5166542190580883,0.3319136678087451,0.0
0.10192724317387936,0.6688106533008195,0.0
0.786461546259859,0.6910280409330818,1.0
0.10662441165859393,0.4313303973957313,0.0
0.7034600235000581,0.9565432614312286,1.0
0.0552023670351669,0.021407038619197127,1.0
0.36581009044316626,0.7000709551590804,0.0
0.47063534509171023,0.24809550156634774,0.0
1.4036538040592013,0.16624916328159955,0.0
1.327531971583205,0.4264551812375009,1.0
0.7170862964307874,0.756169211998789,1.0
1.6195507332698291,0.24937782342843973,1.0
0.8165607254992864,0.7048498468710696,1.0
1.8399076271063879,0.3284939493185889,1.0
1.7077041275312232,0.24666112984750432,1.0
1.998885822243131,0.6154414259297191,1.0
0.8216226188270601,0.8353731495753661,1.0
0.8144092707764028,0.9173467700664862,1.0
1.8127882750178257,0.6773560880740189,1.0
1.508379467372944,0.6779995590085517,1.0
0.1511835719222554,0.09269134562530312,1.0
0.6319326417349314,0.9954903751434089,1.0
1.9774561628384144,0.0097799687083725,1.0
0.3589587181128904,0.4310191775703479,0.0
1.867482981507161,0.5433991286666521,1.0
1.119050800213658,0.519624915526608,1.0
1.5829287270449646,0.6978933033416244,1.0
0.3747376773238016,0.7087194665982458,0.0
0.8485743153019467,0.5282073820256544,0.0
1.3353316728607492,0.26303168478188244,0.0
0.49604334901903524,0.47017120792560785,0.0
0.9961057270903457,0.18310435170536776,0.0
0.47905064429236965,0.647624145158699,0.0
0.07641093226269846,0.21721108121537636,1.0
0.6421552381525719,0.9216559943689296,1.0
0.6181761510627062,0.6865747500040805,0.0
1.8551093303169057,0.9699656864222204,0.0
0.6333254608978112,0.8101167066684226,1.0
1.7669158364517006,0.6131817763536627,1.0
1.5560048670014703,0.8662964745665986,0.0
1.2912655196738418,0.8156933228496841,1.0
0.5540506238615623,0.18200715955838853,0.0
0.6375817360517728,0.14627646024928587,0.0
0.9574252232802376,0.22684362927428636,0.0
0.9993408160165982,0.15799701720584658,0.0
0.7811872686619021,0.5618735616099626,0.0
1.5899880783765257,0.9205421097232289,0.0
0.9977660699349424,0.8073048581757698,1.0
1.8706589338058335,0.24270473467342035,1.0
1.0636649460767276,0.12869484672719966,0.0
0.015924834461037207,0.35441033420359036,0.0
1.7733695710490804,0.4721599705222955,1.0
0.07813979574841423,0.3605482011131538,0.0
1.6973752748694648,0.10265315306844625,1.0
1.3082602324356039,0.7671783849789392,1.0
1.3555881647628993,0.7439622663668934,1.0
0.15228534489657042,0.39594899992632704,0.0
1.6027731884650342,0.893485590442322,0.0
1.6185853848704204,0.9384331669806899,0.0
0.39440417052504895,0.11347129446866078,1.0
1.1060656109581994,0.9655545207178884,1.0
1.06399003163408,0.03540696940446908,0.0
1.1370346689292652,0.34866854115851054,0.0
1.8256361472099576,0.41043616650915915,1.0
1.8171899049563383,0.05160741244088374,1.0
1.6676712698931144,0.49912189217118386,1.0
1.8357082116797216,0.6010135960239767,1.0
1.1598070004800862,0.6864714819685996,1.0
0.11567529790799114,0.1701320846205392,1.0
1.3701448275325034,0.32868816087868724,1.0
0.7478375003083555,0.9703133620963675,1.0
1.6151738151998773,0.22340801918730446,1.0
0.3914648379564776,0.4050588731542536,0.0
1.7453363186274855,0.32316947827112186,1.0
1.6042316610443748,0.9131786919417018,0.0
1.6962058351199267,0.6360403180690346,1.0
0.043575268372265004,0.9410972646048866,0.0
0.19107557377354323,0.3555310322301286,0.0
1.2584290581643545,0.2646188740896497,0.0
0.32538752483419775,0.590466917699916,0.0
1.7064095071604073,0.3398971273389936,1.0
0.0326740913603929,0.29198260472098514,1.0
0.8135214248834575,0.8771665321672838,1.0
0.8608011841216414,0.4430282446025793,0.0
0.900219295046288,0.9945944769448211,1.0
1.6619768695777446,0.13934816630925728,1.0
1.4696009927278209,0.585307907012112,1.0
1.6211963669692329,0.0745335968907117,1.0
1.092043798501384,0.7333976381310493,1.0
1.4115962844343743,0.3571307332120205,1.0
0.016603030545196736,0.6113275193008403,0.0
0.7634609371574359,0.19614754621584418,0.0
1.4658539702532356,0.5905871375633347,1.0
0.8947575861014856,0.7823031128006109,1.0
1.3074458386786167,0.7561527070097702,1.0
0.6469567388516653,0.5265216667117535,0.0
1.6957413517221798,0.010072270891160362,1.0
1.3467270281992931,0.6088098095873063,1.0
1.8458469112897975,0.19021919142294885,1.0
0.2992104101594244,0.6602604888080836,0.0
0.2435842597636011,0.8559089764877279,0.0
0.863922605195742,0.29337642267198194,0.0
1.8964832561889886,0.44167556056981205,1.0
0.8820362600195306,0.529592911215196,0.0
1.7376785918924542,0.8427030204696189,0.0
1.0592150938075215,0.9532194981519913,1.0
0.41199904985372027,0.5411907422020208,0.0
1.6776887976190973,0.013229286995738554,1.0
0.3777331941720903,0.4105677173586544,0.0
0.772043084495146,0.7398499462135192,1.0
1.543963906174324,0.14489725568758505,1.0
1.1837158835610784,0.8202669542279984,1.0
0.6514659636346865,0.11342883969685591,0.0
1.780613695947811,0.39353304005825374,1.0
1.1585265275977674,0.9282164905525174,1.0
1.5587084435413132,0.5457853799972526,1.0
1.106736560624046,0.5736086330184853,1.0
1.9972152793351858,0.8339296051442581,0.0
0.007759510657986413,0.05210870033801729,1.0
0.37122068761204835,0.38173379188266787,0.0
1.3923150484123983,0.1328056616407286,0.0
1.8845883301158526,0.36842124359935513,1.0
1.8108688236701649,0.5094881500777453,1.0
1.593296918743739,0.8386437632496809,1.0
0.9305162944035164,0.37915470096817006,0.0
1.6352348107454304,0.8234548111311021,1.0
0.7238516150996746,0.4270010925922749,0.0
0.6417895810875873,0.9603586199623072,1.0
1.01791957379221,0.20256815060820288,0.0
0.5628895651963945,0.7151267113568069,0.0
1.6407939526199187,0.4841729816550223,1.0
0.775772099971449,0.9815147177249891,1.0
0.4366339773856951,0.8684761443412653,0.0
1.2412589309099524,0.15268271224460406,0.0
0.44770060581815585,0.261367672278199,0.0
1.0396603034797698,0.3563075010742499,0.0
1.3901860820273062,0.7743334583968828,1.0
0.6799877597553418,0.26454079919209195,0.0
1.5355181536102975,0.8515908213637435,1.0
1.9723494564896378,0.9353756059090959,0.0
0.35403099877194744,0.6801699459511762,0.0
1.8566491708386728,0.3175158959862223,1.0
0.9648247556607259,0.6524305583673032,1.0
1.733181903487021,0.6905115070592381,1.0
0.26069804220929305,0.750736203489155,0.0
0.0430954686126892,0.07600033570454057,1.0
0.10649570754074533,0.6897342462451234,0.0
0.45262047132862304,0.7344473825138075,0.0
1.3013113799734326,0.2521164105566004,0.0
1.013762751793919,0.7269522041278637,1.0
1.8809244675831323,0.13583032349056956,1.0
1.500123007014521,0.523512078508043,1.0
0.5215951966658965,0.845583098446861,0.0
1.5212311116273052,0.5536983343997546,1.0
0.5720131059630749,0.19769909281049847,0.0
1.423008737177083,0.561411747618054,1.0
0.24335771971095443,0.6545370531914911,0.0
1.7406490024383021,0.9848743298556782,0.0
1.575904815668194,0.14914218917087596,1.0
1.9316416861799353,0.38137777567442377,1.0
1.0237775296336742,0.6738829610108629,1.0
1.4738992407965021,0.8375514948651195,1.0
1.3846332357696574,0.7674190683846694,1.0
1.8830605812709946,0.465128026802051,1.0
1.7921582165735612,0.7676661988705095,1.0
0.2757380097488551,0.6882097598834347,0.0
1.632163840165112,0.6404595122814272,1.0
1.2689616457466126,0.9929509104074488,1.0
0.939833191455846,0.8117813983091882,1.0
1.4871253150552273,0.10462418960964737,1.0
1.2909986220576368,0.8344369927823443,1.0
1.285428498776614,0.8208305604607615,1.0
1.3767106941658598,0.7522649927783055,1.0
0.44138735955004815,0.9928279643325613,0.0
0.17662160044945585,0.21187766188312718,1.0
1.8216783699877812,0.8732889581740891,0.0
0.4864470959937288,0.29136814010168266,0.0
1.99240740860401,0.8268092773255759,0.0
0.6957120950049611,0.2136544798998007,0.0
0.9272627033090758,0.2384863533432895,0.0
1.4059386186771146,0.7574142528680529,1.0
0.5141608882066715,0.8172261965791651,0.0
0.877594122656151,0.06537397334185668,0.0
1.115595798550252,0.7298456671254626,1.0
1.9098872231052604,0.6672154631102319,1.0
1.1993445686290027,0.6794194098351332,1.0
1.1669349929876136,0.8521980165691443,1.0
0.3760100786687479,0.046478331999541767,1.0
0.9261153952791643,0.9543606419379806,1.0
0.6428313152666933,0.6129599500857057,0.0
0.2382175359429335,0.6349175287473335,0.0
1.7586623080625816,0.34445962199444813,1.0
1.42829767870224,0.8970580433863552,1.0
1.5647839570956263,0.7278276287057134,1.0
1.6075610983161934,0.7556554199717055,1.0
0.48867608183043054,0.7348428957545169,0.0
1.0181055491763924,0.4034847058073313,0.0
0.805959244124848,0.8214225741689907,1.0
1.7819220504708781,0.8736555620119235,0.0
0.08943333011837118,0.3914542481273361,0.0
0.2871335692482655,0.7308720644980428,0.0
1.9556127461917776,0.7974190435560835,0.0
0.18398798239419056,0.4298509745910586,0.0
0.47932872585374064,0.5683702612567205,0.0
0.9784459074942498,0.7761759908781187,1.0
0.9291403821492963,0.7817229384135754,1.0
0.7695120038409802,0.4258458761957078,0.0
1.2896222699948081,0.729332569231897,1.0
0.3010467797480152,0.6996262975431831,0.0
1.2136049893066554,0.9281970847723432,1.0
1.790813721591996,0.1390966744050165,1.0
0.676600109473058,0.2590223111897213,0.0
0.46023247129102196,0.6635994357213892,0.0
0.9294977840216181,0.21187391657892718,0.0
1.7966646386284029,0.9331691373681961,0.0
0.6281893266280961,0.35194522988349874,0.0
1.6877461545874313,0.3923668848459282,1.0
0.025564242560565772,0.5387045630975639,0.0
0.2627709124807574,0.3883250255069043,0.0
1.272188334651798,0.9222656963067655,1.0
0.7764858430109915,0.3555461855791995,0.0
1.174101941600722,0.29414622567753423,0.0
1.978683019270949,0.02564201835961588,1.0
0.4049517138462708,0.8479785316618258,0.0
0.372311124268923,0.7150975085789539,0.0
1.2991338976515487,0.6996010162602424,1.0
1.8154447212530664,0.4817094516948772,1.0
0.4513931906022255,0.35974969536642765,0.0
0.16422495963985906,0.31981741296725474,0.0
0.00878541156289514,0.4011507580605159,0.0
1.3942715790733873,0.8208469672090277,1.0
0.3207005011974553,0.006619727250775753,1.0
1.9421208242448966,0.9052218758406084,0.0
0.9960188996534669,0.8781478403035278,1.0
0.8115092292388355,0.9113637193653338,1.0
1.3906606742794592,0.6358965228693723,1.0
0.299381176890096,0.33161797570999707,0.0
0.18705702481276232,0.8065154070894505,0.0
0.12779358951846942,0.30309415868384737,1.0
0.7630922087491812,0.7018427415038,1.0
1.4735216164468912,0.5188234906910287,1.0
1.3523488389360248,0.35215680521712733,1.0
0.756935382755052,0.07280858225684639,0.0
1.1525923519619938,0.6436253474424233,1.0
0.03573631831167745,0.6783637668144316,0.0
1.489813040536797,0.3899267058573057,1.0
0.1864140333445572,0.03781994889663498,1.0
0.7386969870927453,0.4377873597177405,0.0
0.9525584610413247,0.6193061763123476,1.0
0.18170893260694365,0.8319890207929347,0.0
1.665073256345589,0.9818238561495661,0.0
1.98225481776535,0.95704789132654,0.0
0.870571648489443,0.9593403664399993,1.0
0.44095959315079547,0.24291738500855586,0.0
1.3213527064390096,0.8336443170215483,1.0
0.7710257581012865,0.7128312236063227,1.0
1.9637645543970852,0.40395701831475617,1.0
1.2015461804155985,0.5821066474493941,1.0
1.0579373477117695,0.19268305051903178,0.0
1.7351406228836737,0.13622439123325936,1.0
0.34814224706151786,0.5952256071715992,0.0
0.7296881650016547,0.14024569099541795,0.0
0.3319637401845741,0.672943741909001,0.0
1.7021922993963963,0.14606737216209809,1.0
0.3845592802892468,0.8374431639645303,0.0
0.8862120191135106,0.37673104951186775,0.0
0.379791899406672,0.197213519503603,1.0
0.4298627207326855,0.2956267332801492,0.0
0.5719978359996378,0.7275951906401152,0.0
0.02555906869977931,0.1491859527798597,1.0
1.4977634933277275,0.49210309210315417,1.0
0.4789613757533573,0.8515999400288413,0.0
1.6496391707420763,0.9396688604801791,0.0
0.7480481769396414,0.8131737278673216,1.0
0.9439188944218762,0.3969214073927937,0.0
0.6779437518665525,0.06138342820987053,0.0
1.501125350540014,0.25633771072433376,1.0
0.8659996466730737,0.2016211531205998,0.0
0.6553185802267989,0.39664204640412093,0.0
1.9947157000917073,0.7398497653340667,1.0
0.1692488391199507,0.9580732808753006,0.0
0.08905340508627724,0.62754650538208,0.0
0.8402132062612921,0.48445521360316446,0.0
0.32108219164853424,0.6570798422096829,0.0
1.4256324565558984,0.259809029005863,1.0
1.1641459064338167,0.5877003028573329,1.0
1.1759415348465028,0.2920162891562823,0.0
1.8240071916113876,0.8459966887509175,0.0
0.7310831592631606,0.7463532233490235,1.0
0.47903036371253127,0.39128383023829116,0.0
0.15308655083607747,0.8888943793760132,0.0
0.4044798467012194,0.6656083447141449,0.0
0.3554879845888128,0.6004964029094431,0.0
0.05328042632862151,0.14726380046930443,1.0
1.008665214504797,0.15512798479471646,0.0
0.08520223540013694,0.7203120481322951,0.0
1.2171461459468131,0.20632996102761558,0.0
0.9112021822819205,0.38816932263010495,0.0
0.8609498730136791,0.007713190015640858,0.0
1.7423713869799098,0.0734404853899121,1.0
1.6812343977173507,0.6754765037612992,1.0
0.38342804699670796,0.2137964562507727,1.0
1.3275850452816667,0.08855495694793802,0.0
0.38867994780833404,0.706788296181698,0.0
0.23669080109171126,0.6061105676395726,0.0
1.3117208665188809,0.7601520697491873,1.0
1.4050186471048849,0.6867829066486869,1.0
0.7606989905546702,0.44926053972535895,0.0
1.5095125803426308,0.6794045964812023,1.0
1.3735060862319943,0.911949280655113,1.0
0.48601472608054674,0.5139970214305674,0.0
0.17332679137744877,0.7415194975776462,0.0
1.485673867656098,0.620313076022503,1.0
0.7132801627488823,0.4181741895312019,0.0
0.8921058520011567,0.3218606426607279,0.0
1.4326734395290979,0.705950055725589,1.0
0.46241778968377156,0.923324522763732,0.0
1.60277313678624,0.09480286156323858,1.0
1.7397638217416889,0.9569889185111445,0.0
1.8113808704412313,0.4436105527039861,1.0
0.7598714074285084,0.809135975331174,1.0
1.3040013813125901,0.9838010091801296,1.0
1.123863972612409,0.07181236435710858,0.0
0.7229830238710684,0.5663626918174031,0.0
0.20400242964493764,0.2567371093894818,1.0
0.1314880679239896,0.34222356313216495,0.0
1.480980787200383,0.2609882527459024,1.0
0.3547226490666848,0.1906532995193938,1.0
1.4249755201037555,0.6250599563331591,1.0
1.2248798124793248,0.3093399563378293,0.0
1.618544576321072,0.8845347557187109,0.0
1.7784545095323447,0.04478862677362283,1.0
1.9661428527131197,0.97537573075609,0.0
0.31227340548140137,0.14742431785949905,1.0
1.2970890451755999,0.5405742808200392,1.0
1.9915382956783085,0.6291442219542633,1.0
1.4519587426013207,0.8248370371618597,1.0
0.14528944542273914,0.2909048324243032,1.0
0.31479692338658594,0.03394535289788525,1.0
0.5327049519534104,0.46126910786858855,0.0
1.063435631423523,0.9201369278550902,1.0
1.612886105785795,0.7134586977795963,1.0
1.6736898580995156,0.8707256104993412,0.0
0.6620314133433352,0.6348291783412,0.0
0.24032752509851396,0.6224774461460721,0.0
1.8675652243411112,0.24758151038770226,1.0
1.9897745970430532,0.16229470744751673,1.0
1.3886290495618268,0.8223276305941079,1.0
1.3695098444521,0.8749806700873637,1.0
0.42545359709654695,0.28130187727975176,0.0
1.4431694289208592,0.719049497993417,1.0
0.8903707705896968,0.7570372351456802,1.0
0.580966793302101,0.5066771844612095,0.0
1.3486253825983676,0.4170721022249465,1.0
0.5913129669880697,0.721739155239328,0.0
0.010632144630142948,0.011307241834243809,1.0
0.06498503241513798,0.9032283564938194,0.0
0.22526373953664192,0.08992519584787428,1.0
0.6420591124299604,0.13894917834601472,0.0
0.2771905907393444,0.6021099614032822,0.0
0.9460692975002392,0.6608181532473489,1.0
1.0315878894467094,0.6572988423931373,1.0
0.7159619885742183,0.5664548680348572,0.0
1.652086751419619,0.6297300876562456,1.0
1.4449874533190918,0.13126485532367504,0.0
0.36527912056546663,0.774263041729184,0.0
1.1809922657938057,0.3316655804321639,0.0
1.9270025725072222,0.4920492639730828,1.0
0.5083399390553482,0.5034399397433065,0.0
1.5277484588029464,0.780193978107192,1.0
1.2364322070354967,0.5046471774140224,1.0
1.4188716034525384,0.5399847116262431,1.0
1.3990771968808366,0.8312161901434726,1.0
0.44993896699585334,0.761322791434601,0.0
1.533648970919051,0.624645741343319,1.0
0.9307036869714376,0.7215610081828546,1.0
1.2311829402146885,0.12499838192362345,0.0
0.5422745643752374,0.14377987442840745,1.0
0.8593920776164619,0.08647440027281705,0.0
1.6776706372451253,0.4552830140411722,1.0
1.945580689134676,0.7497422690236021,1.0
1.2717217966649796,0.6342699296162069,1.0
0.9125963988693397,0.4950755570834574,0.0
0.49344249914454386,0.1940885683339687,1.0
0.4462198091849485,0.23325056633416508,1.0
1.8618951110476452,0.5288754340768821,1.0
1.2260474768681966,0.06296861505559836,0.0
0.02441510203659636,0.7658153051474268,0.0
0.18054966265899974,0.8780672093773889,0.0
0.7091430742552969,0.12691425699908598,0.0
1.2274921113635506,0.06671350819988842,0.0
0.07306669601726834,0.07073788608361997,1.0
1.3180468405737755,0.8301323464505955,1.0
0.7128595230266417,0.4623063345270242,0.0
1.6922871387708622,0.25403008425779294,1.0
1.8625633090612523,0.6739169525393192,1.0
1.5853924576916363,0.9533613642571108,0.0
0.8997532992344852,0.988025643615693,1.0
1.7117697552754665,0.9191670397834948,0.0
0.18530844105797795,0.16842523917041596,1.0
0.4543374453818372,0.6104379888185986,0.0
0.598173543912256,0.5932732050041365,0.0
1.5439495545280604,0.47821333153297374,1.0
1.9948194612459385,0.4384598166651541,1.0
1.5065155042146414,0.859168351551464,1.0
1.08841305110882,0.21142171993894177,0.0
0.5786644146898137,0.08087531084505573,1.0
1.1013332086757834,0.42288752560516873,0.0
0.008214260942118079,0.2958082567971114,1.0
1.4799691788246703,0.7005863724935047,1.0
1.2185518871782484,0.8708919231381419,1.0
0.35937217863738447,0.4934011076946597,0.0
0.5155684444605322,0.7023417552535589,0.0
1.6158159265780052,0.8289576741767676,1.0
1.8232208144624307,0.839872568537479,0.0
0.38173180568969545,0.6027232987887949,0.0
0.020961349155204534,0.7400832252287731,0.0
0.4348784810703099,0.19139351418219175,1.0
1.8273475731876334,0.39617305813081183,1.0
1.8365343242860195,0.6830704967941534,1.0
1.5406429635455865,0.5074940938091339,1.0
1.7228169103031792,0.7389780460358808,1.0
0.7893155889044696,0.028189978997311682,0.0
1.1441623535536116,0.47974168076858226,1.0
0.5397761189063004,0.6404723297556624,0.0
0.819634848421062,0.6075807262100902,0.0
1.8751491323404166,0.47684769046785136,1.0
1.905198988275906,0.10811531792795726,1.0
1.7980327506343425,0.756184556181462,1.0
0.933419191441315,0.24710417858660927,0.0
0.5663696833305938,0.6870840878915125,0.0
1.7656304444279967,0.4480641756736592,1.0
1.178856335373831,0.40926071956430377,1.0
0.4117105994579131,0.10912407007667257,1.0
1.4027028845554783,0.13966801724860256,0.0
0.8943831259216684,0.2034771848628335,0.0
0.5334534524192076,0.4891726993525629,0.0
0.8124172048747522,0.1850325157295969,0.0
0.21272283463483066,0.15068629859745641,1.0
0.7426561459148426,0.25524317363640503,0.0
0.012705938539345096,0.4124826786510051,0.0
1.1091253916235784,0.23460431715720098,0.0
1.0290952493889263,0.39090975391462257,0.0
0.47617706521292225,0.5693148225641332,0.0
0.30530209192802316,0.8392068814180244,0.0
0.4792593316079514,0.10801900352784977,1.0
1.5414391133072454,0.9033330173659402,0.0
0.13207273313406565,0.6203811815898153,0.0
1.2846188116138424,0.06475654636630479,0.0
1.2653173223584822,0.1715050109461227,0.0
0.9129930732357616,0.5477539233602913,0.0
1.4849633247983998,0.07600761116134469,1.0
1.657844008985722,0.6392339845391416,1.0
0.9158969702082516,0.6574320194073688,1.0
0.41130771523370324,0.8121446691625835,0.0
0.20080766930428906,0.4450032016950771,0.0
0.951650262857759,0.11355881235619902,0.0
0.5693738298349893,0.44028865840088294,0.0
1.950595788455612,0.4810196536727287,1.0
0.04531787143938071,0.015618170848505475,1.0
1.0694676891218868,0.25285258828923873,0.0
0.9365634881930887,0.5142847972714918,0.0
0.05206509450292418,0.43582477461542435,0.0
0.5707071519819893,0.36187245543107016,0.0
0.6655335562056999,0.26765633392313415,0.0
1.3342163660332713,0.24248008913142083,0.0
0.6426031733555808,0.7745850874723814,1.0
0.2819611612895605,0.7994370191850066,0.0
1.2385219298257786,0.2975200697873782,0.0
1.306656877277254,0.7700083543877188,1.0
1.5974387620596753,0.061869975897570706,1.0
0.8289068419861121,0.4620932834592286,0.0
0.8524701779044954,0.11083804998926383,0.0
1.2952265069135303,0.3008659211164635,0.0
0.5978763079384608,0.614780259809346,0.0
0.06833303172213223,0.4930886680482277,0.0
1.1218532298881174,0.8451945933554678,1.0
1.0373331222665152,0.46437215577016244,0.0
0.8429633173320108,0.15958751533584425,0.0
1.9272376391809427,0.10659855561032172,1.0
0.35525154586985774,0.018785037687557238,1.0
0.7856766656789067,0.28044869226042657,0.0
0.2805465809979324,0.8963251794368294,0.0
1.0113238323436722,0.6649458071160044,1.0
0.9307597513026016,0.7617448062871622,1.0
1.2710752915886845,0.4539534089884145,1.0
0.7305649827334004,0.8875051003318369,1.0
0.5151652155300326,0.464766938788173,0.0
1.406526008924061,0.9170154363774508,1.0
0.7518904807959665,0.3805328729664711,0.0
0.7048918395882577,0.9951559467676029,1.0
1.5311601627811298,0.32120504656213356,1.0
1.7011798298649763,0.6431260100487557,1.0
0.27312423941569475,0.9353704231893261,0.0
0.9741801487282078,0.8812097035787448,1.0
0.3587348626554774,0.7280102701541445,0.0
1.0975221418319892,0.708087701724447,1.0
0.9849656178060031,0.145154163296354,0.0
1.8983714814110721,0.37814931436582677,1.0
1.4921098862633893,0.10700397119858895,1.0
0.3004655092139974,0.537058741016618,0.0
0.1799340856425038,0.12321362156673332,1.0
0.061696870753837674,0.4980174273084381,0.0
0.007025843167058676,0.964672648014888,0.0
0.8170194218908391,0.9289070558215986,1.0
0.37243708619565186,0.06509596058549116,1.0
0.6743301238159731,0.9366424384952577,1.0
1.4379880310327047,0.6779946084996019,1.0
1.5449421527723644,0.23265401646588202,1.0
0.31284187920985795,0.08228830402481158,1.0
0.2948413063922777,0.4552432302992384,0.0
0.17111146909804087,0.933341888280636,0.0
1.2258393386145838,0.40075784275709603,1.0
0.10622109149158399,0.33683333365383084,0.0
1.4932114334787912,0.13188311292157517,1.0
1.328154235687354,0.8648511373565801,1.0
0.9125804578672096,0.10277905618446825,0.0
1.5331176253026217,0.7685465940444182,1.0
0.2943092309864772,0.4673518758282096,0.0
1.9605216653007784,0.2975288599933298,1.0
1.8920877529476932,0.9252913460784492,0.0
1.403169159010751,0.40447025534639247,1.0
0.891887443908921,0.014347369412414879,0.0
1.3945412471645589,0.20672823342962143,0.0
0.07313903746723716,0.009227397222327682,1.0
1.1811184723837216,0.4529846042732919,1.0
1.086650039294564,0.23829645619407847,0.0
0.5826613205398217,0.8813467797041534,1.0
1.7211110854915848,0.6630701503599321,1.0
1.4822870644209025,0.947138588529408,0.0
1.796768028762893,0.6476327904304684,1.0
0.14380706992300163,0.6507301910981591,0.0
1.2387321298757614,0.3871312823903267,1.0
0.45610852265078505,0.2751194451607465,0.0
0.9463898695301884,0.13398064257066977,0.0
1.085305022926636,0.7187066063825275,1.0
0.4646356260620599,0.7050396419934224,0.0
0.2403733329630522,0.759396051641958,0.0
0.8935324501920268,0.5098122123954745,0.0
0.04611405930899836,0.10531190450887784,1.0
1.1936396169143924,0.13971634089418994,0.0
1.358824437299294,0.09292434849394382,0.0
1.514873269824234,0.6861639957351247,1.0
1.8878500510708214,0.21390287990974666,1.0
1.6780621750177271,0.09195818233239395,1.0
1.7209057147700606,0.7344652505568781,1.0
1.5057176774032581,0.5983966806232761,1.0
1.2577604365406234,0.22424264376700087,0.0
1.4899354472710933,0.9808863257047656,0.0
1.1350657543243592,0.36469705056131463,0.0
1.3888885111222653,0.6059302171431417,1.0
1.1340385806939721,0.8205936560680867,1.0
0.7084276496396114,0.3239202426979214,0.0
0.08050511461924437,0.8668448656611739,0.0
0.10163676286779544,0.09574838019780929,1.0
0.5658803522278393,0.12290887685312746,1.0
0.24997896874052605,0.3202935107112186,0.0
1.9903098168727809,0.8422623887492422,0.0
1.2143307915990615,0.19548642582355302,0.0
0.678420270798094,0.1700502527819988,0.0
1.8713915631622111,0.33776266731116944,1.0
0.13001110108128833,0.6485437888947488,0.0
0.6246747981922665,0.19778752014011358,0.0
0.14890049378980819,0.005076163697884661,1.0
1.656865384408198,0.5191106444373172,1.0
0.8321535219333036,0.09883342365475811,0.0
0.7467778982726316,0.6617790382014481,1.0
1.0217304842397819,0.198791139709122,0.0
1.0994275446847872,0.34258663208884443,0.0
1.1752387626437175,0.4152789242511633,1.0
0.9333969534013737,0.544630397855023,0.0
0.30139314305993237,0.03444417611292516,1.0
1.8117594784584612,0.6113183154200189,1.0
1.2759424338855998,0.3403425181149121,1.0
0.06360556454085131,0.9947918553230753,0.0
1.6704608794070486,0.6592845452413436,1.0
1.8530337636559944,0.15477182058429484,1.0
1.5275602100393273,0.6929921329742659,1.0
1.5827503870917659,0.12661186407891034,1.0
1.1120136232439413,0.17645686926168203,0.0
0.10619505203201163,0.23331288203908063,1.0
0.01822311594974302,0.36909410225594874,0.0
1.773039718656989,0.08988215352102014,1.0
1.745224700869063,0.7986845661156389,0.0
0.059973157182829695,0.6116887252524951,0.0
1.5771813597993594,0.6995579280597973,1.0
0.49922646899220036,0.5685856491403366,0.0
1.3546494615541886,0.3080748559924821,1.0
0.3473600657791158,0.86512691293183,0.0
1.5231053584687986,0.003446474754400075,1.0
0.11325845782462651,0.0900689278634692,1.0
0.30903878534689766,0.9854070693018981,0.0
0.6510165933417333,0.6180690410822135,0.0
1.8676721771843634,0.07450439252356544,1.0
0.7025121398884815,0.10263681751093989,0.0
0.7086321536195499,0.25734484554971326,0.0
1.2520749657052173,0.792800764966562,1.0
0.4993696587746126,0.6043757020292638,0.0
1.5300977316543796,0.9257432222987381,0.0
1.8302467588239952,0.09455289383229137,1.0
0.7863920399027711,0.20154271646351218,0.0
1.3495870442265467,0.9619685144153376,1.0
0.8991072555349768,0.09651045647660994,0.0
0.9342948717543083,0.9912493656212457,1.0
0.35920635853507044,0.690899351410914,0.0
1.7128520289693463,0.05091552695923307,1.0
1.4805515925582666,0.6683768007181293,1.0
1.4178543289665833,0.21092183875333437,1.0
0.7891914566052736,0.6263530620778492,0.0
1.3686782073511912,0.07651126728899738,0.0
0.9454891823318547,0.8277816872572813,1.0
0.16507382927486214,0.8387439517306038,0.0
0.09849839162004259,0.5669918286877372,0.0
0.17926241272098187,0.33932589550712333,0.0
1.1789382467167067,0.9091416860056559,1.0
0.4339437672042057,0.8037333588651309,0.0
0.9631295851112331,0.12388964889534193,0.0
1.677527128592575,0.5730333571123671,1.0
0.5275334646755194,0.7223616775124638,0.0
1.7493172223418634,0.17554939836001415,1.0
0.3957467795310152,0.03798428703239565,1.0
0.35482042609342535,0.28562438206913987,0.0
0.8274295177221735,0.6995331247893067,1.0
0.46323181242249234,0.24897920557553233,0.0
1.8247914435591759,0.7961943593305714,0.0
0.87352057910976,0.5364082874484729,0.0
1.959006266935302,0.3540810700316568,1.0
0.12959515606355532,0.7313368277791714,0.0
0.345697810364348,0.7100402099114562,0.0
1.9227541096753573,0.2037982647819888,1.0
1.7985394072529777,0.942979456164755,0.0
1.6989572045197656,0.42602255359467256,1.0
0.7714467374615013,0.9375322975749621,1.0
0.11591852171269967,0.9228750651744051,0.0
1.5788314427625962,0.38972481247474466,1.0
1.6811631848670299,0.7621108455849922,1.0
0.020958883086984237,0.8210598877004297,0.0
0.5414866651101498,0.5942654359688182,0.0
0.6471228162509135,0.18507365327500835,0.0
0.6147567345889251,0.5584814640560231,0.0
0.5574357209788376,0.04176638437096425,1.0
1.4323216404769257,0.08044510088579504,0.0
1.431503814522589,0.5249879723319109,1.0
1.3452464264454407,0.18947698155149129,0.0
1.114963926932943,0.09997103122493467,0.0
0.8553611746678016,0.37669369000241726,0.0
1.1502388363880511,0.36732894934276417,0.0
1.468618524030112,0.8739875109785595,1.0
1.0008504351944663,0.2741775697725234,0.0
0.45894691960011214,0.4969087771287347,0.0
1.115050240441698,0.5958645654368656,1.0
0.14855908016255914,0.11393720551352615,1.0
0.11992771757300802,0.13413704674694193,1.0
1.1894817029360556,0.6637805404399775,1.0
0.7873293571985589,0.05158760146664754,0.0
1.9525791032163096,0.8134982632090454,0.0
0.10085183014751031,0.2836484869106045,1.0
0.00036237630678481736,0.207537815610646,1.0
0.4735876969254684,0.8085275293031833,0.0
1.7042477925673152,0.46593373773576563,1.0
0.18988875482865764,0.8754705446909532,0.0
0.19343997805249002,0.47982842634672995,0.0
0.35555958503720175,0.804741093776651,0.0
1.6362858864965195,0.7380837273103915,1.0
1.2295434059567802,0.14385263451983787,0.0
0.3218107376422179,0.5748608614189786,0.0
0.7521271471778301,0.5908263649904635,0.0
0.032991685415783456,0.7143255685660721,0.0
0.37021173471441715,0.5352725651253828,0.0
0.13554026916564355,0.9396972628698136,0.0
1.7770473788112764,0.7409580109377298,1.0
0.21479136075470184,0.5536297846908991,0.0
1.4946438700477858,0.5089569986000652,1.0
1.0954699762415852,0.7880043843692339,1.0
0.3886378930192309,0.9737169507872491,0.0
0.8799778787664061,0.641905176968553,1.0
1.5775085959068567,0.9250324541328458,0.0
1.586512306650622,0.2288835084939752,1.0
0.22171842616284687,0.07588429267071384,1.0
1.5940692002252366,0.46727848790701465,1.0
0.032049491950537634,0.49597645311198,0.0
0.9163620148548812,0.052726853644527005,0.0
0.9984941239672214,0.25844873249817213,0.0
1.7432089574429093,0.5066337541677108,1.0
1.1774134187181424,0.19472607016137433,0.0
1.4246755205632191,0.08434393667988815,0.0
1.5713296642470471,0.6309085474741286,1.0
1.5708512797130618,0.3648169048810851,1.0
1.8727639922454475,0.12125023194221285,1.0
1.725989584183769,0.47943073955994786,1.0
0.5171058792075263,0.21843046606859962,0.0
1.5085682747043148,0.17980251566076644,1.0
0.9412849502875373,0.5820878147826636,1.0
1.426849112484398,0.26360375377045386,1.0
0.004648597068058313,0.21598985871807153,1.0
1.3028521371060229,0.18103263229274213,0.0
0.5102372876743748,0.31103832935825493,0.0
0.8978564811812362,0.5766003663286656,1.0
0.9526682159004736,0.01734227704465785,0.0
0.27262909822839143,0.29890512190845897,0.0
0.1791166050370219,0.6188603707660376,0.0
0.7341834395849869,0.8017652272269665,1.0
0.8206555483758737,0.023936183383712728,0.0
1.81986589674495,0.6620814606085493,1.0
1.4892348149214032,0.705080108329609,1.0
1.3686940638721459,0.9180438872652581,1.0
0.28106511004926227,0.7406865504293609,0.0
0.8508902077752389,0.7567677937834069,1.0
0.29758841968863403,0.6622103378728194,0.0
1.9815027698191676,0.07838625819467804,1.0
1.6463653963383973,0.6653903991991387,1.0
1.8436237153880832,0.44227421410521484,1.0
0.9023958872535187,0.9042212476165932,1.0
0.9149835500468984,0.2988435536255387,0.0
0.3086448789483811,0.7366395904967619,0.0
1.8101741592285974,0.13713101819012252,1.0
1.8221910335456841,0.6319953789551066,1.0
0.6065191820836215,0.6564448662596449,0.0
1.7269630221251737,0.32847065523426155,1.0
0.2828260063147494,0.8244017489536071,0.0
1.3747324120142155,0.9473576509335472,1.0
1.9109869550815974,0.35836155110998646,1.0
0.6837287108890939,0.30043764728252453,0.0
1.9062875811815225,0.39561339897378456,1.0
0.6620942848321623,0.43812871297013234,0.0
1.327115127122802,0.5567193198353014,1.0
1.9174971045269196,0.6521405915456293,1.0
1.8156609496549685,0.6280043965261703,1.0
1.4442787175324987,0.5960442534097914,1.0
0.5142745239633275,0.8440045039783811,0.0
0.681862110655379,0.9166708518705069,1.0
1.3004641765926757,0.31902398059343073,1.0
0.10242005083132466,0.5720235681151975,0.0
0.8882681152720339,0.8209754305016662,1.0
1.978695509754579,0.004535580875536627,1.0
1.2747628643253344,0.6546962871161024,1.0
1.217668397649167,0.6982624036785835,1.0
0.20923340094968768,0.2063284536896841,1.0
1.2292604336968853,0.536794457416293,1.0
0.03388395418929324,0.961745305832423,0.0
1.8644248229503781,0.28278583483617314,1.0
1.1285500913202642,0.021503144494189663,0.0
1.2922028281515092,0.32180917707848533,1.0
1.7314481862081608,0.6732511141468396,1.0
0.43600748303272074,0.009070192077817119,1.0
1.0406927552027783,0.9600843623049271,1.0
0.38975221048478437,0.06865457451161994,1.0
0.6366208667328006,0.5745074885502061,0.0
1.8508852170270984,0.6102830609910329,1.0
0.8415682591566434,0.07512598466555143,0.0
1.2962968583824834,0.8851166506652055,1.0
0.06929792702582338,0.43291949733383506,0.0
1.0955670526673542,0.6264964276089344,1.0
1.4368172453165862,0.7835873738389979,1.0
1.947646351386473,0.6939357194515952,1.0
1.9173784383556969,0.9548216719016084,0.0
0.04699214226010895,0.5909833493277574,0.0
0.8405789725355355,0.1762176957543149,0.0
1.4783939395648438,0.29940935754535214,1.0
1.802146128042496,0.12119871079921218,1.0
0.3713283535116221,0.3995265718754548,0.0
0.4914917540842889,0.9880921332215329,1.0
0.5060281915865819,0.22314341508683433,0.0
0.3341532416884363,0.682560439243055,0.0
0.08586531007206011,0.7770564996745304,0.0
1.018704405500325,0.8875109107484663,1.0
1.3759862517745676,0.23633769982567654,0.0
1.4318807806908695,0.25019377258521514,1.0
0.49456290942682957,0.7662809657071789,0.0
0.5353319958936456,0.0796445422971559,1.0
1.5330905524427363,0.22219008339962787,1.0
0.7061172697953904,0.7991997040042965,1.0
0.13856953931612526,0.8223126602001452,0.0
1.9675984699910494,0.4722642707108109,1.0
1.5989232470316836,0.4811630319520125,1.0
1.1079411000003756,0.6108297947872061,1.0
0.7498940074758289,0.1876950450303827,0.0
1.3199441639037173,0.46524910217724813,1.0
1.7916765436697035,0.6897163740552508,1.0
1.1432860320615361,0.9976140032599664,1.0
0.5958822931315584,0.08907324395167882,1.0
1.8775645503920708,0.9832775040506364,0.0
1.6791574045311326,0.4525961073331257,1.0
1.6080454929101768,0.9665339563008082,0.0
1.595269675787989,0.40308815380340124,1.0
1.8375809051764977,0.10152474846793258,1.0
1.2144945433619048,0.8006348544309865,1.0
1.444916744136174,0.93032909591486,1.0
0.5515268369295299,0.3502991442916593,0.0
0.7825697533293783,0.7954903219168169,1.0
1.2013323850987954,0.23456070498549986,0.0
1.2707888805893504,0.7765711288127733,1.0
1.5569046684777095,0.32068667058224176,1.0
0.4196974906660125,0.1739131857151911,1.0
1.946515519200289,0.5098035890309834,1.0
0.7791285422000043,0.5794545422945426,0.0
0.6697165017382851,0.08658611414259498,0.0
1.0545127683430895,0.5308998521108528,1.0
0.34249863104906186,0.3029925693406438,0.0
1.3981101858184828,0.16640051740684703,0.0
1.1022756701446987,0.9640651833218612,1.0
0.9642484881903792,0.09233257915158066,0.0
0.1958523201459983,0.11502031842267779,1.0
0.0077429858921822525,0.8281012320428448,0.0
0.5986302473598353,0.6621059826341373,0.0
0.07064487145201848,0.6132249549424919,0.0
0.48587534793929477,0.6869379897581616,0.0
0.5448699388965281,0.7844219405508431,0.0
0.462392471060882,0.9888846194964941,0.0
1.2712146955837864,0.765178754175864,1.0
1.4390810909689904,0.2902859950122254,1.0
1.6745906537129915,0.7209066529619427,1.0
0.2827419418713286,0.3876789552713781,0.0
0.5298920523621278,0.025356836212915956,1.0
1.8308044098262062,0.3898067130998145,1.0
0.4010653099241219,0.3438069884923043,0.0
0.46876837179112374,0.15688302329400006,1.0
0.310987577634934,0.3451073608829007,0.0
0.343190105264229,0.5710271976830312,0.0
0.9205791320974088,0.40521750706206605,0.0
0.49593763000229707,0.19466589108861498,1.0
1.093370839203853,0.05724809763062433,0.0
0.960755144153917,0.3329964849695064,0.0
1.5214491823560452,0.4216198310549112,1.0
1.2542503302021053,0.58561531952028,1.0
0.6629997446492233,0.7141721790278468,0.0
0.5195880828305188,0.583081932967395,0.0
0.318665232191256,0.15678937332923115,1.0
0.61742997181473,0.5201674648348177,0.0
0.7960937367891168,0.5376248854995161,0.0
0.12068062843738558,0.23672669583443773,1.0
1.0725475277740406,0.12342553493099295,0.0
1.8550241789091089,0.6337953333820656,1.0
1.0962058540650588,0.8579347125860437,1.0
1.3862838389380605,0.06160625806079756,0.0
0.17857717514044125,0.17318161395872034,1.0
1.904866801089288,0.22989212399585646,1.0
1.0314914741503913,0.573207903533029,1.0
0.05796322634504647,0.8684000536562146,0.0
1.094364710839408,0.44183113460333145,0.0
0.2006515780959377,0.5446475685317659,0.0
1.0862553410864575,0.01073666820401864,0.0
0.22966728333517183,0.2190387266110536,1.0
0.5483398143165998,0.560898941855817,0.0
1.736351253259742,0.2867500367556419,1.0
0.7366625906110551,0.92989304081875,1.0
1.0878112966822127,0.6930728938338266,1.0
1.9564536535048074,0.37377376820539443,1.0
1.7592308971729704,0.12264495411539345,1.0
0.7853212522460018,0.6604899102051747,1.0
0.485036201632014,0.5453806247173592,0.0
0.39012861854671166,0.3252282303573243,0.0
0.8178377011190028,0.904058889979877,1.0
0.6044783746215072,0.9307813142649715,1.0
0.9774076853629488,0.460174412974797,0.0
0.7090329354781826,0.8735518691075933,1.0
1.1248071017884322,0.5745490322278167,1.0
1.281448123779701,0.11978746224875048,0.0
1.8256721563243685,0.22785374688276394,1.0
1.069194997358359,0.7260390171594197,1.0
1.855340676956146,0.07499115316917393,1.0
0.5817396412216871,0.4749895051215187,0.0
0.1273492582383675,0.049726552485021,1.0
1.0092914915600324,0.06023734870514608,0.0
0.8137214433816722,0.6056502200773609,0.0
0.8534846623283543,0.5515096735579214,0.0
0.1931564644292112,0.05639629683000191,1.0
1.4396422431998837,0.0827741772064966,0.0
0.12163955920570713,0.9493546367275579,0.0
0.6581466622975032,0.43143594429424226,0.0
1.852080114660816,0.9583986830999563,0.0
1.5930445093818586,0.8010591575831802,1.0
1.1488807812105355,0.2580022621055268,0.0
0.03974608014885761,0.2671653658403297,1.0
1.9668680112774766,0.23833465827404554,1.0
1.5366179118477872,0.9187772866994154,0.0
0.1133582521786658,0.6594225541388727,0.0
1.779073292178155,0.32597410986504105,1.0
0.67445709366368,0.17670320827626607,0.0
0.851882192307575,0.7445185183646049,1.0
1.7827573165468622,0.001785425563482268,1.0
0.5955261841399895,0.5436106725753503,0.0
0.5517339333781859,0.021357741148942178,1.0
0.2647487428960571,0.10632356960580669,1.0
1.4261606213865352,0.1632599352367149,0.0
1.5171212390094637,0.8073529589956588,1.0
1.155223108629428,0.9442087112950625,1.0
1.0608500158003935,0.13311852021029735,0.0
1.7755608261720677,0.9249486896341567,0.0
1.270526207231186,0.5861244188197148,1.0
1.8209745796608492,0.434329046031548,1.0
0.38469843476623433,0.276987435165599,0.0
0.6052667320128806,0.2975065262890908,0.0
0.48368395560165967,0.10262329080543697,1.0
0.6778937578403099,0.4228542108231369,0.0
1.3470881325820476,0.7090238753625869,1.0
1.4067870864351126,0.93913996614062,1.0
1.5384680838777347,0.03648187552002191,1.0
1.5032302540785838,0.6057706788142092,1.0
0.04494313923435289,0.6849569778403174,0.0
1.597009322245632,0.5146400302950374,1.0
1.6992907175668976,0.2032581643105993,1.0
0.3175249424083042,0.17848504033968116,1.0
1.0473697614910575,0.6629582636056706,1.0
1.1011612344038764,0.5081025273783727,1.0
1.8629066042575084,0.13160174887337783,1.0
0.14167344217094202,0.8952394744318557,0.0
0.2970328878088153,0.22457481922987144,1.0
0.6003324269632608,0.6107522184981165,0.0
0.9658885631777712,0.580200194576474,1.0
0.4948143499765427,0.7058360294989469,0.0
1.9522315606849194,0.4532290870428627,1.0
1.911565657053505,0.4502378903726164,1.0
0.5533896013991331,0.8692986407649366,1.0
1.8983796084062017,0.25685395647587894,1.0
1.046861760007982,0.8230882415310677,1.0
1.6895623326534015,0.1371153160421602,1.0
1.7565234580111089,0.4096774877216147,1.0
1.5184167244978117,0.3558978178970199,1.0
0.3945390257627037,0.7868336196882278,0.0
0.8529684222204794,0.5408472891426644,0.0
0.3076238018756119,0.06843678331682446,1.0
0.4939696420052211,0.4886018839455759,0.0
0.48787820979639895,0.7410331634853511,0.0
1.0367998558846223,0.4955624904946818,1.0
0.26633512573832907,0.6263558758459155,0.0
1.910032458596874,0.5360355660889176,1.0
0.627112624878966,0.7024682364981136,0.0
0.12352650644030172,0.5878516088609534,0.0
0.6661536076528629,0.7334872885433604,1.0
1.1815943580523105,0.25963161573033544,0.0
0.8270313276055536,0.70631221035873,1.0
0.01428957880577375,0.9311041870426686,0.0
0.8511051255299584,0.5478460737455371,0.0
0.844177993779776,0.5738533655524579,0.0
0.2273568344004555,0.8525923156007734,0.0
1.1879534413306,0.4580203781930766,1.0
0.6282844530952241,0.2769506519949262,0.0
1.015616204785903,0.28834110605045415,0.0
0.2052792353927193,0.35775127665071305,0.0
0.23943562539146687,0.013486117877125614,1.0
1.9801555946819154,0.32611915975645733,1.0
1.9744658727230908,0.7115543555136886,1.0
1.5971334980511198,0.33515070716956663,1.0
0.8710107626739245,0.397115896325023,0.0
0.6056977043535716,0.8372932016946536,1.0
1.9030981189867362,0.4760291663161962,1.0
0.34442588605847546,0.9045129047257686,0.0
0.2013914879023775,0.6514897311676834,0.0
0.7151430592796912,0.9445886262490358,1.0
0.28080535572321574,0.7198632325547673,0.0
1.6427263874803506,0.9583396785557735,0.0
0.9617426319394784,0.7586916517512409,1.0
0.6985062175305075,0.7297876871886447,1.0
1.1680832196840876,0.3734439361523506,0.0
1.6469974999401644,0.769951732955797,1.0
0.8339789116432819,0.6439515138490356,1.0
1.9848243978543372,0.155693129420708,1.0
1.1732452014396977,0.9990900704178296,1.0
0.7104410426821128,0.8181658336470619,1.0
0.45452059581748805,0.6514094324347709,0.0
1.8000082609724808,0.17849755324027505,1.0
0.6920367940265124,0.7691782300292577,1.0
0.28054377173501654,0.6757982799020543,0.0
1.380565010569792,0.7622202328842098,1.0
0.32707403683240366,0.32502097380422057,0.0
1.597722328681274,0.4911058711876166,1.0
0.4690653169163066,0.48342692369521134,0.0
0.7067769699946891,0.8081581109081531,1.0
1.1097962115529523,0.1162999145201018,0.0
0.45569801093238316,0.22750989127262444,1.0
1.7978128543769427,0.7567584059868375,1.0
1.8686590582544953,0.009959083976029293,1.0
0.6307610244042059,0.6431591710045694,0.0
1.6741720216842642,0.8293639432516745,0.0
1.1610205817838044,0.8040536904553272,1.0
1.5919279248148306,0.05505303814305107,1.0
0.7825059924663438,0.5309217505764326,0.0
1.0856744353300767,0.005023975346733933,0.0
1.5512408506322002,0.5087463662010023,1.0
0.11617405055886931,0.19490605225054491,1.0
0.6134177159362308,0.49095081711514543,0.0
0.21699325260621105,0.8837931402765342,0.0
0.4184791556740479,0.8333046848975371,0.0
0.215462413279347,0.4648201362082479,0.0
0.9706441651994466,0.5616137302243078,1.0
0.5381737959993871,0.13492664926514275,1.0
1.8870859259220703,0.7663622909683436,0.0
1.2362159213116928,0.797356351209033,1.0
0.309028349821697,0.4148279931340484,0.0
1.6196563318249753,0.8991954991334331,0.0
0.44229039811417614,0.9643776725126861,0.0
1.799930985524984,0.10510626982319693,1.0
1.8130116013186948,0.3604740163246749,1.0
1.3856643681872767,0.9494341538137305,1.0
1.0682324111563783,0.20822770465612894,0.0
0.8853740910776657,0.6136205182065504,1.0
0.1906900680146073,0.7737796729460106,0.0
1.9684659038454022,0.9751902087563517,0.0
0.7344030139222715,0.8140675464029983,1.0
0.010169250538686336,0.9114838705746356,0.0
1.167042188433186,0.7548739144268415,1.0
1.3493710134612824,0.29265882613720295,1.0
0.06365062952101264,0.2767922165792549,1.0
0.518111594622368,0.08454483905709798,1.0
1.6631706498529282,0.7371835640759048,1.0
0.018929126623475016,0.8123018884689793,0.0
0.29611815302664746,0.467766986328888,0.0
0.07318929900223448,0.8965803530670227,0.0
1.5450117836268942,0.7329410120564802,1.0
0.5660962834050687,0.3795278384975921,0.0
1.3541593231938946,0.8429591056907884,1.0
0.7738465968790358,0.22518183163320227,0.0
0.08090956969002483,0.7248800185575908,0.0
1.070276574630657,0.0961962512609329,0.0
0.39008403024108307,0.02221771316990717,1.0
1.5158225603412687,0.11795914341224079,1.0
0.21902023767114098,0.1902300625638792,1.0
0.5475411226032469,0.865751578827887,1.0
1.0599898319714114,0.11695213198738996,0.0
0.799939068446309,0.36415122793267074,0.0
0.3806084505249836,0.6679738923950342,0.0
0.13735757695057216,0.40804505557019166,0.0
0.17136248186710534,0.002130797022683928,1.0
0.31855821474911883,0.9793726367404456,0.0
1.4763350232978139,0.7142542365175155,1.0
0.71186020972218,0.7109357269907635,1.0
0.6811025111969249,0.34467023811510145,0.0
1.5328541793591208,0.7137729429406319,1.0
0.7010669421417566,0.9526757580377493,1.0
0.28602574274931136,0.6417143442635402,0.0
0.5740016336387286,0.8307129850454139,1.0
1.956809451485122,0.9196116151998229,0.0
1.5323003696570796,0.44837142272016617,1.0
1.6177369681934868,0.2283155178608577,1.0
1.4029406287901365,0.6456855494717804,1.0
1.1018973805677255,0.8257519789564942,1.0
0.7179304356897502,0.738162085300289,1.0
1.6391526728039083,0.2842628255909745,1.0
1.033199876190108,0.04811381917463231,0.0
1.9339202000295257,0.31957719212537095,1.0
1.308277910730151,0.39634991611263126,1.0
1.0365234737768976,0.43485278183344733,0.0
0.6532029016681693,0.8354240251972239,1.0
0.1748863520147632,0.5751342112993829,0.0
0.6720185769446645,0.02656893505907587,0.0
1.8441937037548815,0.8209254239071191,0.0
1.0502782503612325,0.28838547289284633,0.0
0.42281712250978676,0.6287225954608476,0.0
0.2314500769144121,0.2589893965140926,1.0
0.9231439283227496,0.19263580962683535,0.0
1.1493209293973177,0.1684238859988344,0.0
1.3089303648725172,0.07189645729243399,0.0
0.23488290270489198,0.5683394365978306,0.0
1.7411405956790857,0.2501352943161669,1.0
0.801600462807964,0.3037378786778263,0.0
1.596790510992266,0.7920933286879912,1.0
0.937648656267809,0.7292044023287083,1.0
1.4694567443605626,0.3274662444117242,1.0
0.19701684670231345,0.5616134569138984,0.0
0.5171590296146438,0.013721378194376133,1.0
0.14442845449389363,0.7564320334188218,0.0
0.34979565435853255,0.13184488780342452,1.0
1.8205081762396147,0.7340057308786914,1.0
0.5569582702047973,0.1359858903940494,1.0
0.40728855938389574,0.7967006369886059,0.0
0.9600556031464893,0.8303914152543178,1.0
1.0750679204915095,0.4495573664891339,0.0
0.8492225268945566,0.5991295907206995,1.0
0.7070719925966202,0.04552593111386871,0.0
0.5826365475727244,0.8559283656628139,1.0
1.173289451080091,0.6148822042638418,1.0
0.594286920086508,0.2110620535819906,0.0
1.4914632952949398,0.9120537508848996,1.0
1.5443204137117563,0.3477962339935542,1.0
0.46670679942818283,0.4489340756948632,0.0
1.0495312295370092,0.010024717834416053,0.0
0.8584555962954801,0.0014998214965050716,0.0
0.8994567035613668,0.5605997957604771,0.0
1.3299602808395823,0.49225311719847054,1.0
1.7135309741684326,0.17560864938879195,1.0
1.202242591232217,0.8357176836153253,1.0
1.0046100949239083,0.6577375532228371,1.0
1.2943796666537049,0.898410859776033,1.0
0.9954780454303374,0.5480279881930388,1.0
0.027330541156360907,0.0676695991368852,1.0
0.48119039584100975,0.8563082297554601,0.0
1.5935161753180322,0.8644709164913583,0.0
0.961002245969369,0.2727573671911031,0.0
1.086844817174052,0.8854573490966356,1.0
0.18938594544002552,0.3289540287354831,0.0
0.4983485391457878,0.9737426344726899,1.0
0.04265081843153529,0.9608369380174838,0.0
0.4450884812245597,0.008298007767192472,1.0
0.12269315386885848,0.8796066424807987,0.0
1.6834687221606772,0.774983593474984,1.0
1.8289321553879576,0.33013758129399173,1.0
0.3010421390969793,0.6322265419996087,0.0
0.11337601764957816,0.6094282866161624,0.0
0.4774639645940364,0.3340089040160512,0.0
0.5063765762441164,0.5194055812744588,0.0
1.7206830884458528,0.008471830179654916,1.0
1.829531865180969,0.4812401963658577,1.0
1.6014175993655595,0.673850427792505,1.0
1.214534767705402,0.40315666870701194,1.0
1.4115400122845516,0.6803393958218644,1.0
1.6728476041795184,0.5051522374992745,1.0
1.8552600068128484,0.21884476426175226,1.0
0.13269102636702845,0.374483469745986,0.0
0.4631635630854394,0.6939582734287975,0.0
0.8792320947043517,0.9840893920837115,1.0
1.2473885621053202,0.4616167616457848,1.0
0.2962835787174931,0.4375904438392991,0.0
1.6336786675914892,0.13012312289337613,1.0
1.457892595374585,0.7777248968104506,1.0
1.716685001089774,0.4640033561347604,1.0
0.1773699760883556,0.09430359369752794,1.0
1.1646062117365839,0.9643542584881449,1.0
0.5721014220015559,0.7418693074924074,0.0
1.1338772203598095,0.013694303449681478,0.0
1.2319528289512693,0.7435036403272057,1.0
0.6423739354477322,0.7439358041496655,1.0
1.5757432238513576,0.31308786621335394,1.0
1.3877992476055396,0.9940079926753455,1.0
0.8287501473537404,0.16871365359531088,0.0
1.7676674448306007,0.419020952756359,1.0
1.9279812137628465,0.5634100949584628,1.0
0.4773075387247052,0.502541205778106,0.0
0.42481928239291267,0.0351446331291716,1.0
1.9639898686416295,0.04397990339501057,1.0
1.705970984494561,0.7354577639024418,1.0
1.7832107336562633,0.22197159073604578,1.0
0.9691174058127998,0.8309918211237665,1.0
0.01915027848497619,0.20054840324476897,1.0
0.3700342658413487,0.8855897196374163,0.0
0.2940337596297178,0.5106182032919468,0.0
1.708454614920147,0.409120940043159,1.0
1.6424509343448006,0.29229781117539155,1.0
1.4625024602849472,0.33076049451762857,1.0
0.22097237971488193,0.4988852861114468,0.0
0.821408700780474,0.46720782724588616,0.0
1.015906833207316,0.01898141630425998,0.0
1.4161259516806404,0.634549200239274,1.0
1.0306434882233029,0.16642476062441647,0.0
0.8590287537835826,0.9419699529173416,1.0
0.6420458770635031,0.4450350650145941,0.0
0.9847733913296994,0.6629064607566695,1.0
1.2318663098447962,0.7593897641878141,1.0
0.5728249406576187,0.5292398463176694,0.0
0.21971095469706792,0.9055802198977251,0.0
0.17618431765149922,0.9656048672698154,0.0
1.6373015769872956,0.008182986098386746,1.0
0.41825043362568826,0.26095000111039135,0.0
0.4174352188417765,0.7227237946045145,0.0
0.2475943737696782,0.4721315502742037,0.0
1.0912972291584726,0.9542687823824328,1.0
1.5941399628710136,0.6313257482736069,1.0
1.8761278307153955,0.3714873521154447,1.0
1.7379234467216926,0.6003631277884321,1.0
0.6732394886806878,0.026613270070433348,0.0
0.5265259737497137,0.561776249081933,0.0
1.0470327772042614,0.5723080457303296,1.0
0.6913779277053516,0.6734735935693805,0.0
0.921475923036406,0.34577211233029803,0.0
1.7377712609492713,0.42187208027135326,1.0
0.18146101381426694,0.578065527727035,0.0
0.3208091502098709,0.7471081949943569,0.0
0.7799510662467333,0.520446814299069,0.0
1.930000476273088,0.26389601331701085,1.0
0.8710223407719349,0.34752917201939393,0.0
0.08743929810675644,0.7127373055605745,0.0
1.6396447547701793,0.09253229129449214,1.0
0.14319566091635005,0.254217083932764,1.0
1.1739185773275014,0.16885108765965562,0.0
1.800285467564365,0.6779816320568329,1.0
0.45430911143219666,0.9843609747038887,0.0
0.3731376321319877,0.2621583803899893,1.0
1.2976609897006228,0.4436901548545501,1.0
1.806020357487968,0.38618346240463153,1.0
0.0597218380183806,0.6593271874938542,0.0
0.874777857505405,0.6868190997455332,1.0
1.2359091586744053,0.35949381349479204,0.0
1.9777908944303586,0.055983039813801594,1.0
0.6088863948226777,0.2344404533174278,0.0
0.36523737884814444,0.5895196445919164,0.0
1.1890785499962315,0.8005800433596387,1.0
1.3902851345634681,0.3139319647633598,1.0
0.4482848502814667,0.2516399463684378,0.0
1.8114131337303137,0.49693067432233595,1.0
1.340805783225945,0.772717931358355,1.0
1.2370904598135715,0.6378240477717061,1.0
1.9828369985622736,0.43755128673067245,1.0
1.3957103068987489,0.8621141658909652,1.0
1.0567633217064345,0.2854684482515034,0.0
1.4301290040059973,0.426343493855152,1.0
0.32335994710875027,0.9853625159763948,0.0
1.3975220628974896,0.7790643727587051,1.0
1.4469903462512916,0.4957340159523046,1.0
1.0506987399655736,0.031679792830568654,0.0
1.7887778682832225,0.9947137567941908,0.0
0.7584611506424288,0.7772818774425145,1.0
1.8086817488696145,0.0743164344157613,1.0
1.2525502521155762,0.7743110335069855,1.0
0.6035565851085678,0.17929367435831756,0.0
0.6198703508558858,0.27985708483011795,0.0
0.7636007420933144,0.28592211599640893,0.0
1.320205130067157,0.18368769381877026,0.0
1.063268887771151,0.6130689486198768,1.0
0.2965755910753034,0.35886616981292674,0.0
0.3831887480678746,0.5279714601386668,0.0
1.9310008496891748,0.6846408797807789,1.0
0.7604403960591755,0.5014257613742189,0.0
0.27949713109410346,0.3638251675488978,0.0
0.9765239944339059,0.7826700436620447,1.0
0.5928219500260428,0.09959485829725279,1.0
0.6051131706775161,0.6353377598630402,0.0
1.3962854258185626,0.1814347289257353,0.0
0.70178958700242,0.6222671433123601,0.0
1.7864627664993138,0.002633085943974045,1.0
0.891561957339039,0.32695937632142413,0.0
0.5574919555311182,0.7237912900612841,0.0
0.8528922708553532,0.9486987020227309,1.0
1.1645937902947507,0.254467712425939,0.0
1.4858960665274266,0.2176604749114206,1.0
0.9742832472678373,0.47590862451881666,0.0
0.7993996496749514,0.06832561046492436,0.0
0.9025827792490464,0.9804958557904003,1.0
1.5899230585214257,0.6564520039335812,1.0
0.027562365652425532,0.9426996137816774,0.0
0.9535209454506302,0.7386702427743753,1.0
0.7039635132795399,0.5171101248917707,0.0
1.1778418107613895,0.0643241418355196,0.0
1.0604593858138394,0.15353618056257656,0.0
1.3568192993924932,0.7701072654536086,1.0
1.3159333672383446,0.7197469678716603,1.0
0.7695451750284947,0.11854472838848196,0.0
1.702865406602522,0.16900928965552664,1.0
1.7127659843533016,0.7398093776728093,1.0
1.5717183227693758,0.09333982341170155,1.0
0.9623420279934192,0.9810742137678814,1.0
1.502267744785789,0.9910911254541221,0.0
1.3427311454415085,0.6010185064477791,1.0
0.3574193035454454,0.560860826422716,0.0
1.6098419949305787,0.7395076953814497,1.0
1.1198058916032827,0.28479784437628763,0.0
0.797321023266612,0.046324131509290045,0.0
0.8234812551669746,0.6202847298564932,1.0
1.497503790267428,0.31644902876009817,1.0
0.7222726289959043,0.6246081379217983,0.0
1.3189990037720578,0.45801424419803904,1.0
1.791380912313622,0.9278139020997185,0.0
1.1400331911319366,0.5243788604925406,1.0
0.7809019159481618,0.9255447456202757,1.0
0.8526036864597701,0.2685597923614136,0.0
1.680997276133922,0.6163864170389222,1.0
0.17416601234637952,0.2816534323978036,1.0
1.3465014338104797,0.7693624079339441,1.0
1.7791326423306986,0.23692347229661648,1.0
1.8752520442570364,0.10677399084018024,1.0
0.12402105898732452,0.9327706391216185,0.0
0.5297165047973256,0.6329823138651505,0.0
1.9605784869369887,0.02373167331995918,1.0
0.9893167033449755,0.917775773643512,1.0
1.316883453314922,0.6581368019342934,1.0
0.1467433826472806,0.08849872796299552,1.0
1.3449241771857676,0.2485397353970349,0.0
0.13784122927128495,0.9937282676278356,0.0
1.3745802317214795,0.42759972164999527,1.0
1.793315901902569,0.29283980941241183,1.0
1.977311806681462,0.5625181527273372,1.0
1.415448806762772,0.9121466738302255,1.0
0.7254896167244447,0.6587151016470384,0.0
0.13529969668502373,0.35565829080933964,0.0
0.462013998014565,0.1486348466022237,1.0
0.3059635347356324,0.1260004523115369,1.0
0.24834146062952978,0.27248291393958124,1.0
1.506689630262309,0.5125415811889568,1.0
1.1443296163181833,0.6917816219618648,1.0
1.2766459304075604,0.7002292980016975,1.0
1.7970256683198513,0.6688416336933455,1.0
1.5680668709605114,0.3779312501604346,1.0
0.0014862638724493227,0.06129677333323447,1.0
1.0085712487761698,0.19589313658099095,0.0
0.9727651169695779,0.13252224845938776,0.0
0.9001149430446971,0.6096288014219329,1.0
1.0107296500614575,0.9858524810019068,1.0
1.5423310667364147,0.2903218033858772,1.0
0.861381001957026,0.9046466224881142,1.0
1.4655623862622327,0.3819691698916726,1.0
1.3886743922236926,0.17803228080386213,0.0
1.0360607554840324,0.9542627004201808,1.0
0.43738249361642345,0.22791699998370551,1.0
1.5444149100465587,0.5805647365375675,1.0
0.525646006813804,0.42225219343622833,0.0
1.4546360646916305,0.8614872009204865,1.0
1.3963669047484066,0.1041059715132574,0.0
0.8895355985089319,0.3837610642766627,0.0
0.1872919947109637,0.25383070038592837,1.0
0.1296899223933661,0.721111574432125,0.0
0.719564230062955,0.12354679080487152,0.0
1.6362353947862833,0.528095802561171,1.0
1.8580970654583389,0.19618893900472245,1.0
1.2155068433371132,0.7926037340217703,1.0
0.9799566321021715,0.2560184360174369,0.0
0.8761160239965433,0.4359572447281188,0.0
1.7472971717421406,0.11682788136987188,1.0
0.9340603803158973,0.6071146701861737,1.0
0.17199063595451292,0.0208555660229649,1.0
1.8946434960375198,0.7586651102626337,1.0
0.4543121330929396,0.02885845933940867,1.0
1.554902413938406,0.8531605459792814,1.0
1.1157321245838514,0.13764842853889603,0.0
0.7189642970448527,0.33548948589589156,0.0
1.03928309453979,0.7624588954238342,1.0
1.8609521040755577,0.15442196376843131,1.0
1.8821245838199512,0.8270856759574466,0.0
1.6994423997363353,0.6644619022006246,1.0
1.2380210420825668,0.6309044361369488,1.0
1.7501141558784508,0.7371321435745267,1.0
0.3844863187006591,0.016472859972914367,1.0
0.2472406626966421,0.8154016595495189,0.0
1.4187028963807518,0.003565371052105637,0.0
1.5965058708268856,0.7008035230691781,1.0
0.5509664754154211,0.45131756014308877,0.0
0.46265320110236097,0.2940890191629566,0.0
0.9357789937341363,0.3513014638410986,0.0
1.7432097432523035,0.46659887355972707,1.0
0.36422661690499947,0.7764285963461416,0.0
0.3402523724051483,0.21722428878717048,1.0
0.1321106582211922,0.3462472940187308,0.0
0.11951559073940077,0.32119747296527734,0.0
0.7356832514423759,0.05595389751581803,0.0
0.7741638737293537,0.5764830358781985,0.0
1.0386153276528147,0.03561556288529455,0.0
0.7249115630364853,0.7027617964290798,1.0
0.8346067341762164,0.6047224635868538,1.0
0.9151588511369186,0.1895990100192515,0.0
1.892423965782055,0.5408838634862725,1.0
1.352379662759313,0.8437565401660228,1.0
0.43233897396426707,0.5897077941988774,0.0
0.9991483027294337,0.19238019521511684,0.0
0.2851809289129408,0.022859910274625084,1.0
0.8855226682473336,0.39614180374230334,0.0
1.3414579960494073,0.6184256181633832,1.0
0.8345478232988033,0.6025434486935749,0.0
1.660163682031195,0.3003630376697757,1.0
1.6085643622796646,0.9703363528465867,0.0
1.919350624875063,0.1498024958647436,1.0
1.0414004428248613,0.31101569071411606,0.0
1.2714618843888534,0.96220862587568,1.0
1.0842238109034017,0.795603983152029,1.0
1.285105738977351,0.9364584778915905,1.0
1.5944772723288176,0.3435457797855499,1.0
1.6260333528454909,0.8090135267444426,1.0
0.8274343157676882,0.06647219117853098,0.0
0.7078091155275628,0.13544793005492084,0.0
0.6692001656944566,0.7969881627926031,1.0
1.532087633980418,0.27391489729826035,1.0
0.7984469584653529,0.44138175503795285,0.0
1.161026474754953,0.13302752245012006,0.0
0.05535432215359104,0.5444128931940222,0.0
0.34173627234505455,0.4767522156412072,0.0
1.0935707020481624,0.8670713616633121,1.0
0.7884523377482064,0.8253921847623213,1.0
0.8120712183748711,0.27989257684369007,0.0
0.8470397319262131,0.3563297549547578,0.0
1.6372222300838275,0.1311060846391331,1.0
1.0225605660111823,0.26198463773040026,0.0
1.3445967263678582,0.5994416551216577,1.0
1.5666460508186761,0.09924573054572738,1.0
1.2468525331674347,0.1868355344779824,0.0
0.9817678387429003,0.5971275950666749,1.0
1.7691304424704886,0.4454316796207266,1.0
1.2832866990121157,0.8721150842185761,1.0
1.2104164250157337,0.8388621834456631,1.0
0.039418291292285135,0.7317048567703787,0.0
1.4012366583974363,0.18928376852886653,0.0
0.8113697903049588,0.9396446787378845,1.0
0.9869874764899462,0.9479291162882388,1.0
0.8415782670247054,0.7845998905998693,1.0
1.2653010078429472,0.08463485919289448,0.0
0.6776720688339657,0.3824777561035355,0.0
1.4990023007345419,0.32383961042532083,1.0
1.9824123164201408,0.3156493472865072,1.0
1.4778592528010612,0.3348454589710641,1.0
0.19401903560395928,0.4186585500345702,0.0
1.111356270445653,0.9973504558485181,1.0
0.5196762635859689,0.7865643553141077,0.0
1.6248943891750283,0.6823678901565257,1.0
0.5439388125816882,0.8931377765746426,1.0
1.3841442578620842,0.07941054149100846,0.0
0.1390864346724605,0.05799845869058917,1.0
1.56776653241949,0.48648175934471816,1.0
1.103233228537197,0.49113210800647633,1.0
1.982828114838122,0.16461022955854376,1.0
1.1544386468729106,0.505471991703321,1.0
1.529857316165617,0.474803466785374,1.0
0.15183469649837722,0.1874045068303717,1.0
1.2403467539219113,0.6052182088061376,1.0
1.7149403466477446,0.0941998764284595,1.0
1.5726936395415554,0.9316800462372541,0.0
0.11631870394479817,0.7508389062909515,0.0
1.4397098119289589,0.9703508645276272,1.0
0.7682891098209488,0.773812212118232,1.0
1.4559486744161787,0.25120023325216234,1.0
1.1071277669675843,0.7294504239626772,1.0
1.6100181855985116,0.14953188902402603,1.0
0.024605662835641025,0.2837556300822349,1.0
0.76638345615172,0.9008113515214097,1.0
0.5415988285561373,0.8286677888608226,0.0
0.554180195852187,0.3592928794221111,0.0
0.6707869869989853,0.29321974991490496,0.0
0.018542419228020576,0.20523824015105496,1.0
1.6185487033152297,0.5354149028943308,1.0
1.3811038596834566,0.17471286974482148,0.0
1.2507509149387002,0.6762051919423407,1.0
0.42247864814172953,0.29393058996337484,0.0
0.4711007042224027,0.3264101189151869,0.0
0.29827685713160657,0.03992228734763659,1.0
1.3830393026082266,0.1576731460513039,0.0
0.24412395178548385,0.5128609569037603,0.0
0.18431798988231837,0.5839158960122283,0.0
1.0956114967231723,0.14945990361294514,0.0
0.8879083646834698,0.17755546485786422,0.0
0.11041405026501039,0.17096939732565009,1.0
1.1055512320416874,0.7153849121255579,1.0
0.9473089817917453,0.6768275380812052,1.0
1.5146119303456707,0.9059296229722309,0.0
1.8808856579964426,0.13733594738640065,1.0
0.35605265761956506,0.007566153800853792,1.0
1.5027227287353948,0.9072415786040807,1.0
1.3498682182223298,0.5426862556968507,1.0
0.16407423861046833,0.7873680928570234,0.0
0.006536579182573554,0.3220616944423098,0.0
0.15050478337432383,0.33438431205487673,0.0
0.9540641165166852,0.13175618078765372,0.0
1.5838877139987981,0.9182527919026235,0.0
0.6425484526012695,0.9109661029977406,1.0
0.06306616776954255,0.5948267813519567,0.0
1.6026404170524502,0.17616943860184409,1.0
0.8073932834534632,0.8404713006257075,1.0
0.33276971619638096,0.4638769964407903,0.0
1.500902515921545,0.07546364100612746,1.0
1.2440971052160268,0.9559447292655467,1.0
1.8572156182786341,0.2595738613298533,1.0
0.8549557215517096,0.004468333201616881,0.0
0.23674373544914196,0.4325954391005854,0.0
1.2875768520674382,0.16332554833663937,0.0
1.2082130435069407,0.6447040609769205,1.0
1.7635611356660796,0.8173949439190303,0.0
0.6665179053443646,0.039001677714093796,1.0
1.7311721708293832,0.8795226209835775,0.0
0.5631857342476803,0.14735670816149105,1.0
0.8108167314465471,0.3714548117856137,0.0
0.18213337418551423,0.847245168533425,0.0
1.912890082038212,0.7125104640601564,1.0
0.40504413930423433,0.7568745539640113,0.0
0.8292575607103583,0.6751257412750421,1.0
0.47748682839189627,0.7536130227723695,0.0
1.4101726874141807,0.23936419141511833,1.0
0.0932031964861737,0.9890612145073843,0.0
0.9179909724285136,0.5436942387023526,0.0
1.4643786539474437,0.5687824879730716,1.0
1.3771772247805139,0.16910482755797374,0.0
0.36227554745837187,0.8856468948180235,0.0
0.3845241562939645,0.6878090847678018,0.0
0.24523907012867685,0.37461586836592264,0.0
0.3220020855716905,0.5708883197138245,0.0
0.745065557627012,0.018043251141603434,0.0
1.5780595158789712,0.8038493737450819,1.0
1.0284961786536875,0.7765133230258379,1.0
1.6076614592958351,0.2605843971630504,1.0
0.7622772092875347,0.9165150937826708,1.0
0.29531726537662273,0.9191809206518954,0.0
1.4996672126664887,0.3951429987757522,1.0
1.7909901870940872,0.022127373625490332,1.0
1.6186837222796737,0.39840106182575796,1.0
1.4653028076839307,0.7055779421283505,1.0
0.35511317901636263,0.7354692877563568,0.0
1.6123448594440553,0.8486210935188251,0.0
1.655348296374096,0.18455208981709548,1.0
1.40106500266338,0.2409866695953542,1.0
1.3906844103627722,0.9731556147184726,1.0
0.28893139820757807,0.5920491159180911,0.0
1.8825317524105014,0.024581653000976367,1.0
1.7261342659662104,0.25751419201168413,1.0
1.711558575116993,0.7261957864099667,1.0
0.2743466337127138,0.2924178951393188,1.0
0.7731237942946991,0.9472285511460945,1.0
1.1764759961768532,0.7545156034635863,1.0
0.11522153571932736,0.2961494896945249,1.0
0.7657550609921266,0.542107264955041,0.0
0.33400247805476435,0.6102225145281731,0.0
1.8579032901486838,0.5646901921975102,1.0
1.463623393324287,0.019087735314724408,0.0
0.8328089812881456,0.33369989197283445,0.0
0.08289161619900898,0.5133973029550543,0.0
0.8148679395950584,0.8994455824484182,1.0
0.31533661146218805,0.018174529524131677,1.0
0.18159140153043807,0.16581773943107492,1.0
0.576046723471966,0.8317807782863004,1.0
0.12105452772272929,0.6473685196189124,0.0
